node median_comp_tree_v5.js [[1,2],[3,4],[5,6],[7,8],[9,10],[2,4],[6,8],[4,8]]
node median_comp_tree_v5.js [[1,2],[3,4],[5,6],[7,8],[9,10],[2,4],[6,8],[4,8],[6,9]]
node median_comp_tree_v5.js [[1,2],[3,4],[5,6],[7,8],[9,10],[2,4],[6,8],[2,6]]

node median_comp_tree_v5.js [[1,2],[3,4],[5,6],[7,8],[2,4],[6,8],[2,6],[5,2]]
node median_comp_tree_v5.js [[1,2],[3,4],[5,6],[7,8],[2,4],[6,8],[2,6],[2,5],[3,5]]


------------------------------------------------------------------------------
result6     [[1,2],[3,4],[5,6],[7,8],[2,4],[6,8],[2,6],[2,5],[3,5],[7,9]]
result6b    [[1,2],[3,4],[5,6],[7,8],[2,4],[6,8],[2,6],[2,5],[3,5],[9,7]]
result8     [[1,2],[3,4],[5,6],[7,8],[2,4],[6,8],[2,6],[2,5],[5,3],[7,9]]
result9     [[1,2],[3,4],[5,6],[7,8],[2,4],[6,8],[2,6],[2,5],[5,3],[9,7]]
------------------------------------------------------------------------------
result7b    [[1,2],[3,4],[5,6],[7,8],[2,4],[6,8],[2,6],[2,5],[3,5]]
result7     [[1,2],[3,4],[5,6],[7,8],[2,4],[6,8],[2,6],[2,5],[5,3]]
------------------------------------------------------------------------------
result11    [[1,2],[3,4],[5,6],[7,8],[2,4],[6,8],[2,6],[5,2],[2,3]]
result11b   [[1,2],[3,4],[5,6],[7,8],[2,4],[6,8],[2,6],[5,2],[3,2]]     (pendiente)

