

node median_comp_tree_v5.js "[[1,2],[3,4],[5,6],[7,8],[2,4],[6,8],[2,6],[2,5],[5,3]]" > result7.txt

node median_comp_tree_v5.js "[[1,2],[3,4],[5,6],[7,8],[2,4],[6,8],[2,6],[2,5],[5,3],[9,7]]" > result9.txt

node median_comp_tree_v5.js "[[1,2],[3,4],[5,6],[7,8],[2,4],[6,8],[2,6],[5,2]]" > result10.txt
 "[[1,2],[3,4],[5,6],[7,8],[2,4],[6,8],[2,6],[5,2],[3,2]]" > result11b.txt





node median_comp_tree_v5.js "[[1,2],[3,4],[5,6],[7,8],[2,4],[6,8],[2,6],[2,5],[3,5],[7,9]]" > result1.txt
node median_comp_tree_v5.js "[[1,2],[3,4],[5,6],[7,8],[2,4],[6,8],[2,6],[2,5],[3,5],[9,7]]" > result2.txt
node median_comp_tree_v5.js "[[1,2],[3,4],[5,6],[7,8],[2,4],[6,8],[2,6],[2,5],[3,5]]" > result1-2.txt
node median_comp_tree_v5.js "[[1,2],[3,4],[5,6],[7,8],[2,4],[6,8],[2,6],[2,5],[5,3],[7,9]]" > result3.txt
node median_comp_tree_v5.js "[[1,2],[3,4],[5,6],[7,8],[2,4],[6,8],[2,6],[2,5],[5,3],[9,7]]" > result4.txt
node median_comp_tree_v5.js "[[1,2],[3,4],[5,6],[7,8],[2,4],[6,8],[2,6],[2,5],[5,3]]" > result3-4.txt
node median_comp_tree_v5.js "[[1,2],[3,4],[5,6],[7,8],[2,4],[6,8],[2,6],[5,2],[2,3]]" > result5.txt
node median_comp_tree_v5.js "[[1,2],[3,4],[5,6],[7,8],[2,4],[6,8],[2,6],[5,2],[3,2]]" > result6.txt

result11b   [[1,2],[3,4],[5,6],[7,8],[2,4],[6,8],[2,6],[5,2],[3,2]]     (pendiente)


result8     
result9     



    

