[
  '/usr/bin/node',
  '/home/ubuntu/fer8/median_comp_tree_v5.js',
  '[[1,2],[3,4],[5,6],[7,8],[2,4],[6,8],[2,6],[2,5],[3,5]]'
]
[[1,2],[3,4],[5,6],[7,8],[2,4],[6,8],[2,6],[2,5],[3,5]]
Ok: [[1,2],[3,4],[5,6],[7,8],[2,4],[6,8],[2,6],[2,5],[3,5],[4,5],[4,7],[4,9],[5,9],[5,7],[5,11],[6,9],[6,7],[6,11]]
Ok: [[1,2],[3,4],[5,6],[7,8],[2,4],[6,8],[2,6],[2,5],[3,5],[4,5],[4,7],[4,9],[5,9],[5,7],[5,11],[6,9],[6,7],[11,6]]
Ok: [[1,2],[3,4],[5,6],[7,8],[2,4],[6,8],[2,6],[2,5],[3,5],[4,5],[4,7],[4,9],[5,9],[5,7],[5,11],[6,9],[7,6],[7,11]]
Ok: [[1,2],[3,4],[5,6],[7,8],[2,4],[6,8],[2,6],[2,5],[3,5],[4,5],[4,7],[4,9],[5,9],[5,7],[5,11],[6,9],[7,6],[11,7]]
Ok: [[1,2],[3,4],[5,6],[7,8],[2,4],[6,8],[2,6],[2,5],[3,5],[4,5],[4,7],[4,9],[5,9],[5,7],[5,11],[9,6],[7,9],[7,11]]
Ok: [[1,2],[3,4],[5,6],[7,8],[2,4],[6,8],[2,6],[2,5],[3,5],[4,5],[4,7],[4,9],[5,9],[5,7],[5,11],[9,6],[7,9],[11,7]]
Ok: [[1,2],[3,4],[5,6],[7,8],[2,4],[6,8],[2,6],[2,5],[3,5],[4,5],[4,7],[4,9],[5,9],[5,7],[5,11],[9,6],[9,7],[9,11]]
Ok: [[1,2],[3,4],[5,6],[7,8],[2,4],[6,8],[2,6],[2,5],[3,5],[4,5],[4,7],[4,9],[5,9],[5,7],[5,11],[9,6],[9,7],[11,9]]
Ok: [[1,2],[3,4],[5,6],[7,8],[2,4],[6,8],[2,6],[2,5],[3,5],[4,5],[4,7],[4,9],[5,9],[5,7],[11,5]]
Ok: [[1,2],[3,4],[5,6],[7,8],[2,4],[6,8],[2,6],[2,5],[3,5],[4,5],[4,7],[4,9],[5,9],[7,5],[5,11]]
Ok: [[1,2],[3,4],[5,6],[7,8],[2,4],[6,8],[2,6],[2,5],[3,5],[4,5],[4,7],[4,9],[5,9],[7,5],[11,5],[7,11]]
Ok: [[1,2],[3,4],[5,6],[7,8],[2,4],[6,8],[2,6],[2,5],[3,5],[4,5],[4,7],[4,9],[5,9],[7,5],[11,5],[11,7]]
Ok: [[1,2],[3,4],[5,6],[7,8],[2,4],[6,8],[2,6],[2,5],[3,5],[4,5],[4,7],[4,9],[9,5],[7,9],[7,11],[9,11]]
Ok: [[1,2],[3,4],[5,6],[7,8],[2,4],[6,8],[2,6],[2,5],[3,5],[4,5],[4,7],[4,9],[9,5],[7,9],[7,11],[11,9]]
Ok: [[1,2],[3,4],[5,6],[7,8],[2,4],[6,8],[2,6],[2,5],[3,5],[4,5],[4,7],[4,9],[9,5],[7,9],[11,7]]
Ok: [[1,2],[3,4],[5,6],[7,8],[2,4],[6,8],[2,6],[2,5],[3,5],[4,5],[4,7],[4,9],[9,5],[9,7],[9,10],[5,7],[5,10],[5,11]]
Ok: [[1,2],[3,4],[5,6],[7,8],[2,4],[6,8],[2,6],[2,5],[3,5],[4,5],[4,7],[4,9],[9,5],[9,7],[9,10],[5,7],[5,11],[5,10]]
Ok: [[1,2],[3,4],[5,6],[7,8],[2,4],[6,8],[2,6],[2,5],[3,5],[4,5],[4,7],[4,9],[9,5],[9,7],[9,10],[5,7],[5,11],[10,5]]
Ok: [[1,2],[3,4],[5,6],[7,8],[2,4],[6,8],[2,6],[2,5],[3,5],[4,5],[4,7],[4,9],[9,5],[9,7],[9,10],[5,7],[11,5],[10,11]]
Ok: [[1,2],[3,4],[5,6],[7,8],[2,4],[6,8],[2,6],[2,5],[3,5],[4,5],[4,7],[4,9],[9,5],[9,7],[9,10],[5,7],[10,11],[5,10]]
Ok: [[1,2],[3,4],[5,6],[7,8],[2,4],[6,8],[2,6],[2,5],[3,5],[4,5],[4,7],[4,9],[9,5],[9,7],[9,10],[5,7],[10,11],[10,5]]
Ok: [[1,2],[3,4],[5,6],[7,8],[2,4],[6,8],[2,6],[2,5],[3,5],[4,5],[4,7],[4,9],[9,5],[9,7],[9,10],[5,7],[11,10],[5,11]]
Ok: [[1,2],[3,4],[5,6],[7,8],[2,4],[6,8],[2,6],[2,5],[3,5],[4,5],[4,7],[4,9],[9,5],[9,7],[9,10],[5,10],[5,7],[5,11]]
Ok: [[1,2],[3,4],[5,6],[7,8],[2,4],[6,8],[2,6],[2,5],[3,5],[4,5],[4,7],[4,9],[9,5],[9,7],[9,10],[5,10],[5,11],[5,7]]
Ok: [[1,2],[3,4],[5,6],[7,8],[2,4],[6,8],[2,6],[2,5],[3,5],[4,5],[4,7],[4,9],[9,5],[9,7],[9,10],[5,10],[5,11],[7,5]]
Ok: [[1,2],[3,4],[5,6],[7,8],[2,4],[6,8],[2,6],[2,5],[3,5],[4,5],[4,7],[4,9],[9,5],[9,7],[9,10],[5,10],[11,5],[7,11]]
Ok: [[1,2],[3,4],[5,6],[7,8],[2,4],[6,8],[2,6],[2,5],[3,5],[4,5],[4,7],[4,9],[9,5],[9,7],[9,10],[5,10],[7,11],[5,7]]
Ok: [[1,2],[3,4],[5,6],[7,8],[2,4],[6,8],[2,6],[2,5],[3,5],[4,5],[4,7],[4,9],[9,5],[9,7],[9,10],[5,10],[7,11],[7,5]]
Ok: [[1,2],[3,4],[5,6],[7,8],[2,4],[6,8],[2,6],[2,5],[3,5],[4,5],[4,7],[4,9],[9,5],[9,7],[9,10],[5,10],[11,7],[5,11]]
Ok: [[1,2],[3,4],[5,6],[7,8],[2,4],[6,8],[2,6],[2,5],[3,5],[4,5],[4,7],[4,9],[9,5],[9,7],[9,10],[5,11],[5,7],[5,10]]
Ok: [[1,2],[3,4],[5,6],[7,8],[2,4],[6,8],[2,6],[2,5],[3,5],[4,5],[4,7],[4,9],[9,5],[9,7],[9,10],[5,11],[5,7],[10,5]]
Ok: [[1,2],[3,4],[5,6],[7,8],[2,4],[6,8],[2,6],[2,5],[3,5],[4,5],[4,7],[4,9],[9,5],[9,7],[9,10],[5,11],[7,5],[7,10]]
Ok: [[1,2],[3,4],[5,6],[7,8],[2,4],[6,8],[2,6],[2,5],[3,5],[4,5],[4,7],[4,9],[9,5],[9,7],[9,10],[5,11],[7,5],[10,7]]
Ok: [[1,2],[3,4],[5,6],[7,8],[2,4],[6,8],[2,6],[2,5],[3,5],[4,5],[4,7],[4,9],[9,5],[9,7],[9,10],[11,5],[7,11],[7,10]]
Ok: [[1,2],[3,4],[5,6],[7,8],[2,4],[6,8],[2,6],[2,5],[3,5],[4,5],[4,7],[4,9],[9,5],[9,7],[9,10],[11,5],[7,11],[10,7]]
Ok: [[1,2],[3,4],[5,6],[7,8],[2,4],[6,8],[2,6],[2,5],[3,5],[4,5],[4,7],[4,9],[9,5],[9,7],[9,10],[11,5],[11,7],[10,11]]
Ok: [[1,2],[3,4],[5,6],[7,8],[2,4],[6,8],[2,6],[2,5],[3,5],[4,5],[4,7],[4,9],[9,5],[9,7],[9,10],[11,5],[10,11],[7,10]]
Ok: [[1,2],[3,4],[5,6],[7,8],[2,4],[6,8],[2,6],[2,5],[3,5],[4,5],[4,7],[4,9],[9,5],[9,7],[9,10],[11,5],[10,11],[10,7]]
Ok: [[1,2],[3,4],[5,6],[7,8],[2,4],[6,8],[2,6],[2,5],[3,5],[4,5],[4,7],[4,9],[9,5],[9,7],[9,10],[11,5],[11,10],[7,11]]
Ok: [[1,2],[3,4],[5,6],[7,8],[2,4],[6,8],[2,6],[2,5],[3,5],[4,5],[4,7],[4,9],[9,5],[9,7],[9,10],[11,5],[7,10],[7,11]]
Ok: [[1,2],[3,4],[5,6],[7,8],[2,4],[6,8],[2,6],[2,5],[3,5],[4,5],[4,7],[4,9],[9,5],[9,7],[9,10],[7,10],[5,7],[5,11]]
Ok: [[1,2],[3,4],[5,6],[7,8],[2,4],[6,8],[2,6],[2,5],[3,5],[4,5],[4,7],[4,9],[9,5],[9,7],[9,10],[7,10],[5,11],[5,7]]
Ok: [[1,2],[3,4],[5,6],[7,8],[2,4],[6,8],[2,6],[2,5],[3,5],[4,5],[4,7],[4,9],[9,5],[9,7],[9,10],[7,10],[5,11],[7,5]]
Ok: [[1,2],[3,4],[5,6],[7,8],[2,4],[6,8],[2,6],[2,5],[3,5],[4,5],[4,7],[4,9],[9,5],[9,7],[9,10],[7,10],[11,5],[7,11]]
Ok: [[1,2],[3,4],[5,6],[7,8],[2,4],[6,8],[2,6],[2,5],[3,5],[4,5],[4,7],[4,9],[9,5],[9,7],[9,10],[7,10],[7,11],[5,7]]
Ok: [[1,2],[3,4],[5,6],[7,8],[2,4],[6,8],[2,6],[2,5],[3,5],[4,5],[4,7],[4,9],[9,5],[9,7],[9,10],[7,10],[7,11],[7,5]]
Ok: [[1,2],[3,4],[5,6],[7,8],[2,4],[6,8],[2,6],[2,5],[3,5],[4,5],[4,7],[4,9],[9,5],[9,7],[9,10],[7,10],[11,7],[5,11]]
Ok: [[1,2],[3,4],[5,6],[7,8],[2,4],[6,8],[2,6],[2,5],[3,5],[4,5],[4,7],[4,9],[9,5],[9,7],[9,10],[7,11],[5,7],[5,10]]
Ok: [[1,2],[3,4],[5,6],[7,8],[2,4],[6,8],[2,6],[2,5],[3,5],[4,5],[4,7],[4,9],[9,5],[9,7],[9,10],[7,11],[5,7],[10,5]]
Ok: [[1,2],[3,4],[5,6],[7,8],[2,4],[6,8],[2,6],[2,5],[3,5],[4,5],[4,7],[4,9],[9,5],[9,7],[9,10],[7,11],[7,5],[7,10]]
Ok: [[1,2],[3,4],[5,6],[7,8],[2,4],[6,8],[2,6],[2,5],[3,5],[4,5],[4,7],[4,9],[9,5],[9,7],[9,10],[7,11],[7,5],[10,7]]
Ok: [[1,2],[3,4],[5,6],[7,8],[2,4],[6,8],[2,6],[2,5],[3,5],[4,5],[4,7],[4,9],[9,5],[9,7],[9,10],[11,7],[5,11],[5,10]]
Ok: [[1,2],[3,4],[5,6],[7,8],[2,4],[6,8],[2,6],[2,5],[3,5],[4,5],[4,7],[4,9],[9,5],[9,7],[9,10],[11,7],[5,11],[10,5]]
Ok: [[1,2],[3,4],[5,6],[7,8],[2,4],[6,8],[2,6],[2,5],[3,5],[4,5],[4,7],[4,9],[9,5],[9,7],[9,10],[11,7],[11,5],[10,11]]
Ok: [[1,2],[3,4],[5,6],[7,8],[2,4],[6,8],[2,6],[2,5],[3,5],[4,5],[4,7],[4,9],[9,5],[9,7],[9,10],[11,7],[5,10],[5,11]]
Ok: [[1,2],[3,4],[5,6],[7,8],[2,4],[6,8],[2,6],[2,5],[3,5],[4,5],[4,7],[4,9],[9,5],[9,7],[9,10],[11,7],[10,11],[5,10]]
Ok: [[1,2],[3,4],[5,6],[7,8],[2,4],[6,8],[2,6],[2,5],[3,5],[4,5],[4,7],[4,9],[9,5],[9,7],[9,10],[11,7],[10,11],[10,5]]
Ok: [[1,2],[3,4],[5,6],[7,8],[2,4],[6,8],[2,6],[2,5],[3,5],[4,5],[4,7],[4,9],[9,5],[9,7],[9,10],[11,7],[11,10],[5,11]]
Ok: [[1,2],[3,4],[5,6],[7,8],[2,4],[6,8],[2,6],[2,5],[3,5],[4,5],[4,7],[4,9],[9,5],[9,7],[9,10],[10,11],[5,10],[5,7]]
Ok: [[1,2],[3,4],[5,6],[7,8],[2,4],[6,8],[2,6],[2,5],[3,5],[4,5],[4,7],[4,9],[9,5],[9,7],[9,10],[10,11],[5,10],[7,5]]
Ok: [[1,2],[3,4],[5,6],[7,8],[2,4],[6,8],[2,6],[2,5],[3,5],[4,5],[4,7],[4,9],[9,5],[9,7],[9,10],[10,11],[10,5],[7,10]]
Ok: [[1,2],[3,4],[5,6],[7,8],[2,4],[6,8],[2,6],[2,5],[3,5],[4,5],[4,7],[4,9],[9,5],[9,7],[9,10],[10,11],[10,5],[10,7]]
Ok: [[1,2],[3,4],[5,6],[7,8],[2,4],[6,8],[2,6],[2,5],[3,5],[4,5],[4,7],[4,9],[9,5],[9,7],[9,10],[11,10],[5,11],[5,7]]
Ok: [[1,2],[3,4],[5,6],[7,8],[2,4],[6,8],[2,6],[2,5],[3,5],[4,5],[4,7],[4,9],[9,5],[9,7],[9,10],[11,10],[5,11],[7,5]]
Ok: [[1,2],[3,4],[5,6],[7,8],[2,4],[6,8],[2,6],[2,5],[3,5],[4,5],[4,7],[4,9],[9,5],[9,7],[9,10],[11,10],[11,5],[7,11]]
Ok: [[1,2],[3,4],[5,6],[7,8],[2,4],[6,8],[2,6],[2,5],[3,5],[4,5],[4,7],[4,9],[9,5],[9,7],[9,10],[11,10],[5,7],[5,11]]
Ok: [[1,2],[3,4],[5,6],[7,8],[2,4],[6,8],[2,6],[2,5],[3,5],[4,5],[4,7],[4,9],[9,5],[9,7],[9,10],[11,10],[7,11],[5,7]]
Ok: [[1,2],[3,4],[5,6],[7,8],[2,4],[6,8],[2,6],[2,5],[3,5],[4,5],[4,7],[4,9],[9,5],[9,7],[9,10],[11,10],[7,11],[7,5]]
Ok: [[1,2],[3,4],[5,6],[7,8],[2,4],[6,8],[2,6],[2,5],[3,5],[4,5],[4,7],[4,9],[9,5],[9,7],[9,10],[11,10],[11,7],[5,11]]
Ok: [[1,2],[3,4],[5,6],[7,8],[2,4],[6,8],[2,6],[2,5],[3,5],[4,5],[4,7],[4,9],[9,5],[9,7],[9,11],[5,7],[5,10],[5,11]]
Ok: [[1,2],[3,4],[5,6],[7,8],[2,4],[6,8],[2,6],[2,5],[3,5],[4,5],[4,7],[4,9],[9,5],[9,7],[9,11],[5,7],[5,10],[11,5]]
Ok: [[1,2],[3,4],[5,6],[7,8],[2,4],[6,8],[2,6],[2,5],[3,5],[4,5],[4,7],[4,9],[9,5],[9,7],[9,11],[5,7],[10,5],[10,11]]
Ok: [[1,2],[3,4],[5,6],[7,8],[2,4],[6,8],[2,6],[2,5],[3,5],[4,5],[4,7],[4,9],[9,5],[9,7],[9,11],[5,7],[10,5],[11,10]]
Ok: [[1,2],[3,4],[5,6],[7,8],[2,4],[6,8],[2,6],[2,5],[3,5],[4,5],[4,7],[4,9],[9,5],[9,7],[9,11],[7,5],[7,10],[7,11]]
Ok: [[1,2],[3,4],[5,6],[7,8],[2,4],[6,8],[2,6],[2,5],[3,5],[4,5],[4,7],[4,9],[9,5],[9,7],[9,11],[7,5],[7,10],[11,7]]
Ok: [[1,2],[3,4],[5,6],[7,8],[2,4],[6,8],[2,6],[2,5],[3,5],[4,5],[4,7],[4,9],[9,5],[9,7],[9,11],[7,5],[10,7],[10,11]]
Ok: [[1,2],[3,4],[5,6],[7,8],[2,4],[6,8],[2,6],[2,5],[3,5],[4,5],[4,7],[4,9],[9,5],[9,7],[9,11],[7,5],[10,7],[11,10]]
Ok: [[1,2],[3,4],[5,6],[7,8],[2,4],[6,8],[2,6],[2,5],[3,5],[4,5],[4,7],[4,9],[9,5],[9,7],[11,9]]
Ok: [[1,2],[3,4],[5,6],[7,8],[2,4],[6,8],[2,6],[2,5],[3,5],[4,5],[4,7],[9,4],[4,10],[4,11],[5,7],[5,10],[5,11]]
Ok: [[1,2],[3,4],[5,6],[7,8],[2,4],[6,8],[2,6],[2,5],[3,5],[4,5],[4,7],[9,4],[4,10],[4,11],[5,7],[5,10],[11,5]]
Ok: [[1,2],[3,4],[5,6],[7,8],[2,4],[6,8],[2,6],[2,5],[3,5],[4,5],[4,7],[9,4],[4,10],[4,11],[5,7],[10,5],[10,11]]
Ok: [[1,2],[3,4],[5,6],[7,8],[2,4],[6,8],[2,6],[2,5],[3,5],[4,5],[4,7],[9,4],[4,10],[4,11],[5,7],[10,5],[11,10]]
Ok: [[1,2],[3,4],[5,6],[7,8],[2,4],[6,8],[2,6],[2,5],[3,5],[4,5],[4,7],[9,4],[4,10],[4,11],[7,5],[7,10],[7,11]]
Ok: [[1,2],[3,4],[5,6],[7,8],[2,4],[6,8],[2,6],[2,5],[3,5],[4,5],[4,7],[9,4],[4,10],[4,11],[7,5],[7,10],[11,7]]
Ok: [[1,2],[3,4],[5,6],[7,8],[2,4],[6,8],[2,6],[2,5],[3,5],[4,5],[4,7],[9,4],[4,10],[4,11],[7,5],[10,7],[10,11]]
Ok: [[1,2],[3,4],[5,6],[7,8],[2,4],[6,8],[2,6],[2,5],[3,5],[4,5],[4,7],[9,4],[4,10],[4,11],[7,5],[10,7],[11,10]]
Ok: [[1,2],[3,4],[5,6],[7,8],[2,4],[6,8],[2,6],[2,5],[3,5],[4,5],[4,7],[9,4],[4,10],[11,4]]
Ok: [[1,2],[3,4],[5,6],[7,8],[2,4],[6,8],[2,6],[2,5],[3,5],[4,5],[4,7],[9,4],[10,4],[4,11]]
Ok: [[1,2],[3,4],[5,6],[7,8],[2,4],[6,8],[2,6],[2,5],[3,5],[4,5],[4,7],[9,4],[10,4],[11,4],[2,10],[3,10],[10,11]]
Ok: [[1,2],[3,4],[5,6],[7,8],[2,4],[6,8],[2,6],[2,5],[3,5],[4,5],[4,7],[9,4],[10,4],[11,4],[2,10],[3,10],[11,10]]
Ok: [[1,2],[3,4],[5,6],[7,8],[2,4],[6,8],[2,6],[2,5],[3,5],[4,5],[4,7],[9,4],[10,4],[11,4],[2,10],[10,3],[3,11]]
Ok: [[1,2],[3,4],[5,6],[7,8],[2,4],[6,8],[2,6],[2,5],[3,5],[4,5],[4,7],[9,4],[10,4],[11,4],[2,10],[10,3],[11,3]]
Ok: [[1,2],[3,4],[5,6],[7,8],[2,4],[6,8],[2,6],[2,5],[3,5],[4,5],[4,7],[9,4],[10,4],[11,4],[10,2],[2,3],[3,11]]
Ok: [[1,2],[3,4],[5,6],[7,8],[2,4],[6,8],[2,6],[2,5],[3,5],[4,5],[4,7],[9,4],[10,4],[11,4],[10,2],[2,3],[11,3]]
Ok: [[1,2],[3,4],[5,6],[7,8],[2,4],[6,8],[2,6],[2,5],[3,5],[4,5],[4,7],[9,4],[10,4],[11,4],[10,2],[3,2],[2,11]]
Ok: [[1,2],[3,4],[5,6],[7,8],[2,4],[6,8],[2,6],[2,5],[3,5],[4,5],[4,7],[9,4],[10,4],[11,4],[10,2],[3,2],[11,2]]
Ok: [[1,2],[3,4],[5,6],[7,8],[2,4],[6,8],[2,6],[2,5],[3,5],[4,5],[7,4],[4,9],[4,11],[5,9],[5,11]]
Ok: [[1,2],[3,4],[5,6],[7,8],[2,4],[6,8],[2,6],[2,5],[3,5],[4,5],[7,4],[4,9],[4,11],[5,9],[11,5]]
Ok: [[1,2],[3,4],[5,6],[7,8],[2,4],[6,8],[2,6],[2,5],[3,5],[4,5],[7,4],[4,9],[4,11],[9,5],[9,11]]
Ok: [[1,2],[3,4],[5,6],[7,8],[2,4],[6,8],[2,6],[2,5],[3,5],[4,5],[7,4],[4,9],[4,11],[9,5],[11,9]]
Ok: [[1,2],[3,4],[5,6],[7,8],[2,4],[6,8],[2,6],[2,5],[3,5],[4,5],[7,4],[4,9],[11,4]]
Ok: [[1,2],[3,4],[5,6],[7,8],[2,4],[6,8],[2,6],[2,5],[3,5],[4,5],[7,4],[9,4],[4,10],[4,11]]
Ok: [[1,2],[3,4],[5,6],[7,8],[2,4],[6,8],[2,6],[2,5],[3,5],[4,5],[7,4],[9,4],[4,10],[11,4],[2,3],[3,7],[7,9],[9,11]]
Ok: [[1,2],[3,4],[5,6],[7,8],[2,4],[6,8],[2,6],[2,5],[3,5],[4,5],[7,4],[9,4],[4,10],[11,4],[2,3],[3,7],[7,9],[11,9]]
Ok: [[1,2],[3,4],[5,6],[7,8],[2,4],[6,8],[2,6],[2,5],[3,5],[4,5],[7,4],[9,4],[4,10],[11,4],[2,3],[3,7],[9,7],[7,11]]
Ok: [[1,2],[3,4],[5,6],[7,8],[2,4],[6,8],[2,6],[2,5],[3,5],[4,5],[7,4],[9,4],[4,10],[11,4],[2,3],[3,7],[9,7],[11,7]]
Ok: [[1,2],[3,4],[5,6],[7,8],[2,4],[6,8],[2,6],[2,5],[3,5],[4,5],[7,4],[9,4],[4,10],[11,4],[2,3],[7,3],[3,9],[9,11]]
Ok: [[1,2],[3,4],[5,6],[7,8],[2,4],[6,8],[2,6],[2,5],[3,5],[4,5],[7,4],[9,4],[4,10],[11,4],[2,3],[7,3],[3,9],[11,9]]
Ok: [[1,2],[3,4],[5,6],[7,8],[2,4],[6,8],[2,6],[2,5],[3,5],[4,5],[7,4],[9,4],[4,10],[11,4],[2,3],[7,3],[9,3],[3,11]]
Ok: [[1,2],[3,4],[5,6],[7,8],[2,4],[6,8],[2,6],[2,5],[3,5],[4,5],[7,4],[9,4],[4,10],[11,4],[2,3],[7,3],[9,3],[11,3]]
Ok: [[1,2],[3,4],[5,6],[7,8],[2,4],[6,8],[2,6],[2,5],[3,5],[4,5],[7,4],[9,4],[4,10],[11,4],[3,2],[2,7],[7,9],[9,11]]
Ok: [[1,2],[3,4],[5,6],[7,8],[2,4],[6,8],[2,6],[2,5],[3,5],[4,5],[7,4],[9,4],[4,10],[11,4],[3,2],[2,7],[7,9],[11,9]]
Ok: [[1,2],[3,4],[5,6],[7,8],[2,4],[6,8],[2,6],[2,5],[3,5],[4,5],[7,4],[9,4],[4,10],[11,4],[3,2],[2,7],[9,7],[7,11]]
Ok: [[1,2],[3,4],[5,6],[7,8],[2,4],[6,8],[2,6],[2,5],[3,5],[4,5],[7,4],[9,4],[4,10],[11,4],[3,2],[2,7],[9,7],[11,7]]
Ok: [[1,2],[3,4],[5,6],[7,8],[2,4],[6,8],[2,6],[2,5],[3,5],[4,5],[7,4],[9,4],[4,10],[11,4],[3,2],[7,2],[2,9],[9,11]]
Ok: [[1,2],[3,4],[5,6],[7,8],[2,4],[6,8],[2,6],[2,5],[3,5],[4,5],[7,4],[9,4],[4,10],[11,4],[3,2],[7,2],[2,9],[11,9]]
Ok: [[1,2],[3,4],[5,6],[7,8],[2,4],[6,8],[2,6],[2,5],[3,5],[4,5],[7,4],[9,4],[4,10],[11,4],[3,2],[7,2],[9,2],[2,11]]
Ok: [[1,2],[3,4],[5,6],[7,8],[2,4],[6,8],[2,6],[2,5],[3,5],[4,5],[7,4],[9,4],[4,10],[11,4],[3,2],[7,2],[9,2],[11,2]]
Ok: [[1,2],[3,4],[5,6],[7,8],[2,4],[6,8],[2,6],[2,5],[3,5],[4,5],[7,4],[9,4],[10,4],[2,10],[3,10],[7,10],[9,10],[10,11]]
Ok: [[1,2],[3,4],[5,6],[7,8],[2,4],[6,8],[2,6],[2,5],[3,5],[4,5],[7,4],[9,4],[10,4],[2,10],[3,10],[7,10],[10,11]]
Ok: [[1,2],[3,4],[5,6],[7,8],[2,4],[6,8],[2,6],[2,5],[3,5],[4,5],[7,4],[9,4],[10,4],[2,10],[3,10],[7,10],[2,3],[10,11]]
Ok: [[1,2],[3,4],[5,6],[7,8],[2,4],[6,8],[2,6],[2,5],[3,5],[4,5],[7,4],[9,4],[10,4],[2,10],[3,10],[7,10],[2,7],[10,11]]
Ok: [[1,2],[3,4],[5,6],[7,8],[2,4],[6,8],[2,6],[2,5],[3,5],[4,5],[7,4],[9,4],[10,4],[2,10],[3,10],[7,10],[2,9],[10,11]]
Ok: [[1,2],[3,4],[5,6],[7,8],[2,4],[6,8],[2,6],[2,5],[3,5],[4,5],[7,4],[9,4],[10,4],[2,10],[3,10],[7,10],[2,11],[10,11]]
Ok: [[1,2],[3,4],[5,6],[7,8],[2,4],[6,8],[2,6],[2,5],[3,5],[4,5],[7,4],[9,4],[10,4],[2,10],[3,10],[7,10],[3,7],[10,11]]
Ok: [[1,2],[3,4],[5,6],[7,8],[2,4],[6,8],[2,6],[2,5],[3,5],[4,5],[7,4],[9,4],[10,4],[2,10],[3,10],[7,10],[3,9],[10,11]]
Ok: [[1,2],[3,4],[5,6],[7,8],[2,4],[6,8],[2,6],[2,5],[3,5],[4,5],[7,4],[9,4],[10,4],[2,10],[3,10],[7,10],[3,11],[10,11]]
Ok: [[1,2],[3,4],[5,6],[7,8],[2,4],[6,8],[2,6],[2,5],[3,5],[4,5],[7,4],[9,4],[10,4],[2,10],[3,10],[7,10],[7,9],[10,11]]
Ok: [[1,2],[3,4],[5,6],[7,8],[2,4],[6,8],[2,6],[2,5],[3,5],[4,5],[7,4],[9,4],[10,4],[2,10],[3,10],[7,10],[7,11],[10,11]]
Ok: [[1,2],[3,4],[5,6],[7,8],[2,4],[6,8],[2,6],[2,5],[3,5],[4,5],[7,4],[9,4],[10,4],[2,10],[3,10],[7,10],[9,11],[10,11]]
Ok: [[1,2],[3,4],[5,6],[7,8],[2,4],[6,8],[2,6],[2,5],[3,5],[4,5],[7,4],[9,4],[10,4],[2,10],[3,10],[10,11],[7,10]]
Ok: [[1,2],[3,4],[5,6],[7,8],[2,4],[6,8],[2,6],[2,5],[3,5],[4,5],[7,4],[9,4],[10,4],[2,10],[3,10],[10,11],[10,7],[7,11]]
Ok: [[1,2],[3,4],[5,6],[7,8],[2,4],[6,8],[2,6],[2,5],[3,5],[4,5],[7,4],[9,4],[10,4],[2,10],[3,10],[10,11],[10,7],[11,7]]
Ok: [[1,2],[3,4],[5,6],[7,8],[2,4],[6,8],[2,6],[2,5],[3,5],[4,5],[7,4],[9,4],[10,4],[2,10],[3,10],[9,10],[7,10],[10,11]]
Ok: [[1,2],[3,4],[5,6],[7,8],[2,4],[6,8],[2,6],[2,5],[3,5],[4,5],[7,4],[9,4],[10,4],[2,10],[3,10],[9,10],[10,11],[7,10]]
Ok: [[1,2],[3,4],[5,6],[7,8],[2,4],[6,8],[2,6],[2,5],[3,5],[4,5],[7,4],[9,4],[10,4],[2,10],[3,10],[9,10],[7,9],[10,11]]
Ok: [[1,2],[3,4],[5,6],[7,8],[2,4],[6,8],[2,6],[2,5],[3,5],[4,5],[7,4],[9,4],[10,4],[2,10],[3,10],[2,7],[7,10],[10,11]]
Ok: [[1,2],[3,4],[5,6],[7,8],[2,4],[6,8],[2,6],[2,5],[3,5],[4,5],[7,4],[9,4],[10,4],[2,10],[3,10],[2,7],[10,11],[7,10]]
Ok: [[1,2],[3,4],[5,6],[7,8],[2,4],[6,8],[2,6],[2,5],[3,5],[4,5],[7,4],[9,4],[10,4],[2,10],[3,10],[2,7],[7,9],[10,11]]
Ok: [[1,2],[3,4],[5,6],[7,8],[2,4],[6,8],[2,6],[2,5],[3,5],[4,5],[7,4],[9,4],[10,4],[2,10],[3,10],[2,11],[7,10],[10,11]]
Ok: [[1,2],[3,4],[5,6],[7,8],[2,4],[6,8],[2,6],[2,5],[3,5],[4,5],[7,4],[9,4],[10,4],[2,10],[3,10],[2,11],[10,11],[7,10]]
Ok: [[1,2],[3,4],[5,6],[7,8],[2,4],[6,8],[2,6],[2,5],[3,5],[4,5],[7,4],[9,4],[10,4],[2,10],[3,10],[2,11],[7,9],[10,11]]
Ok: [[1,2],[3,4],[5,6],[7,8],[2,4],[6,8],[2,6],[2,5],[3,5],[4,5],[7,4],[9,4],[10,4],[2,10],[3,10],[7,11],[7,10],[10,11]]
Ok: [[1,2],[3,4],[5,6],[7,8],[2,4],[6,8],[2,6],[2,5],[3,5],[4,5],[7,4],[9,4],[10,4],[2,10],[3,10],[7,11],[10,11],[7,10]]
Ok: [[1,2],[3,4],[5,6],[7,8],[2,4],[6,8],[2,6],[2,5],[3,5],[4,5],[7,4],[9,4],[10,4],[2,10],[3,10],[7,11],[10,11],[10,7]]
Ok: [[1,2],[3,4],[5,6],[7,8],[2,4],[6,8],[2,6],[2,5],[3,5],[4,5],[7,4],[9,4],[10,4],[2,10],[3,10],[7,11],[7,9],[10,11]]
Ok: [[1,2],[3,4],[5,6],[7,8],[2,4],[6,8],[2,6],[2,5],[3,5],[4,5],[7,4],[9,4],[10,4],[2,10],[3,10],[2,3],[7,10],[10,11]]
Ok: [[1,2],[3,4],[5,6],[7,8],[2,4],[6,8],[2,6],[2,5],[3,5],[4,5],[7,4],[9,4],[10,4],[2,10],[3,10],[2,3],[10,11],[7,10]]
Ok: [[1,2],[3,4],[5,6],[7,8],[2,4],[6,8],[2,6],[2,5],[3,5],[4,5],[7,4],[9,4],[10,4],[2,10],[3,10],[2,3],[7,9],[10,11]]
Ok: [[1,2],[3,4],[5,6],[7,8],[2,4],[6,8],[2,6],[2,5],[3,5],[4,5],[7,4],[9,4],[10,4],[2,10],[3,10],[2,9],[7,10],[10,11]]
Ok: [[1,2],[3,4],[5,6],[7,8],[2,4],[6,8],[2,6],[2,5],[3,5],[4,5],[7,4],[9,4],[10,4],[2,10],[3,10],[2,9],[10,11],[7,10]]
Ok: [[1,2],[3,4],[5,6],[7,8],[2,4],[6,8],[2,6],[2,5],[3,5],[4,5],[7,4],[9,4],[10,4],[2,10],[3,10],[2,9],[7,9],[10,11]]
Ok: [[1,2],[3,4],[5,6],[7,8],[2,4],[6,8],[2,6],[2,5],[3,5],[4,5],[7,4],[9,4],[10,4],[2,10],[3,10],[3,7],[7,10],[10,11]]
Ok: [[1,2],[3,4],[5,6],[7,8],[2,4],[6,8],[2,6],[2,5],[3,5],[4,5],[7,4],[9,4],[10,4],[2,10],[3,10],[3,7],[10,11],[7,10]]
Ok: [[1,2],[3,4],[5,6],[7,8],[2,4],[6,8],[2,6],[2,5],[3,5],[4,5],[7,4],[9,4],[10,4],[2,10],[3,10],[3,7],[7,9],[10,11]]
