[
  '/usr/bin/node',
  '/home/ubuntu/fer8/median_comp_tree_v5.js',
  '[[1,2],[3,4],[5,6],[7,8],[2,4],[6,8],[2,6],[2,5],[3,5],[7,9]]'
]
[[1,2],[3,4],[5,6],[7,8],[2,4],[6,8],[2,6],[2,5],[3,5],[7,9]]
Ok: [[1,2],[3,4],[5,6],[7,8],[2,4],[6,8],[2,6],[2,5],[3,5],[7,9],[5,9],[4,5],[5,7],[5,11],[6,7],[6,11]]
Ok: [[1,2],[3,4],[5,6],[7,8],[2,4],[6,8],[2,6],[2,5],[3,5],[7,9],[5,9],[4,5],[5,7],[5,11],[6,7],[11,6]]
Ok: [[1,2],[3,4],[5,6],[7,8],[2,4],[6,8],[2,6],[2,5],[3,5],[7,9],[5,9],[4,5],[5,7],[5,11],[7,6],[7,11]]
Ok: [[1,2],[3,4],[5,6],[7,8],[2,4],[6,8],[2,6],[2,5],[3,5],[7,9],[5,9],[4,5],[5,7],[5,11],[7,6],[11,7]]
Ok: [[1,2],[3,4],[5,6],[7,8],[2,4],[6,8],[2,6],[2,5],[3,5],[7,9],[5,9],[4,5],[5,7],[11,5]]
Ok: [[1,2],[3,4],[5,6],[7,8],[2,4],[6,8],[2,6],[2,5],[3,5],[7,9],[5,9],[4,5],[7,5],[5,11]]
Ok: [[1,2],[3,4],[5,6],[7,8],[2,4],[6,8],[2,6],[2,5],[3,5],[7,9],[5,9],[4,5],[7,5],[11,5],[4,7],[7,11]]
Ok: [[1,2],[3,4],[5,6],[7,8],[2,4],[6,8],[2,6],[2,5],[3,5],[7,9],[5,9],[4,5],[7,5],[11,5],[4,7],[11,7]]
Ok: [[1,2],[3,4],[5,6],[7,8],[2,4],[6,8],[2,6],[2,5],[3,5],[7,9],[5,9],[4,5],[7,5],[11,5],[7,4],[4,11]]
Ok: [[1,2],[3,4],[5,6],[7,8],[2,4],[6,8],[2,6],[2,5],[3,5],[7,9],[5,9],[4,5],[7,5],[11,5],[7,4],[11,4]]
Ok: [[1,2],[3,4],[5,6],[7,8],[2,4],[6,8],[2,6],[2,5],[3,5],[7,9],[5,9],[5,4],[5,7],[6,7],[4,6],[4,11],[6,11]]
Ok: [[1,2],[3,4],[5,6],[7,8],[2,4],[6,8],[2,6],[2,5],[3,5],[7,9],[5,9],[5,4],[5,7],[6,7],[4,6],[4,11],[11,6]]
Ok: [[1,2],[3,4],[5,6],[7,8],[2,4],[6,8],[2,6],[2,5],[3,5],[7,9],[5,9],[5,4],[5,7],[6,7],[4,6],[11,4]]
Ok: [[1,2],[3,4],[5,6],[7,8],[2,4],[6,8],[2,6],[2,5],[3,5],[7,9],[5,9],[5,4],[5,7],[6,7],[6,4],[6,11],[4,7],[4,11]]
Ok: [[1,2],[3,4],[5,6],[7,8],[2,4],[6,8],[2,6],[2,5],[3,5],[7,9],[5,9],[5,4],[5,7],[6,7],[6,4],[6,11],[4,7],[11,4]]
Ok: [[1,2],[3,4],[5,6],[7,8],[2,4],[6,8],[2,6],[2,5],[3,5],[7,9],[5,9],[5,4],[5,7],[6,7],[6,4],[6,11],[7,4],[7,11]]
Ok: [[1,2],[3,4],[5,6],[7,8],[2,4],[6,8],[2,6],[2,5],[3,5],[7,9],[5,9],[5,4],[5,7],[6,7],[6,4],[6,11],[7,4],[11,7]]
Ok: [[1,2],[3,4],[5,6],[7,8],[2,4],[6,8],[2,6],[2,5],[3,5],[7,9],[5,9],[5,4],[5,7],[6,7],[6,4],[11,6]]
Ok: [[1,2],[3,4],[5,6],[7,8],[2,4],[6,8],[2,6],[2,5],[3,5],[7,9],[5,9],[5,4],[5,7],[7,6],[4,7],[4,11],[7,11]]
Ok: [[1,2],[3,4],[5,6],[7,8],[2,4],[6,8],[2,6],[2,5],[3,5],[7,9],[5,9],[5,4],[5,7],[7,6],[4,7],[4,11],[11,7]]
Ok: [[1,2],[3,4],[5,6],[7,8],[2,4],[6,8],[2,6],[2,5],[3,5],[7,9],[5,9],[5,4],[5,7],[7,6],[4,7],[11,4]]
Ok: [[1,2],[3,4],[5,6],[7,8],[2,4],[6,8],[2,6],[2,5],[3,5],[7,9],[5,9],[5,4],[5,7],[7,6],[7,4],[6,9],[4,6],[4,11]]
Ok: [[1,2],[3,4],[5,6],[7,8],[2,4],[6,8],[2,6],[2,5],[3,5],[7,9],[5,9],[5,4],[5,7],[7,6],[7,4],[6,9],[6,11],[4,6]]
Ok: [[1,2],[3,4],[5,6],[7,8],[2,4],[6,8],[2,6],[2,5],[3,5],[7,9],[5,9],[5,4],[5,7],[7,6],[7,4],[6,9],[6,11],[6,4]]
Ok: [[1,2],[3,4],[5,6],[7,8],[2,4],[6,8],[2,6],[2,5],[3,5],[7,9],[5,9],[5,4],[5,7],[7,6],[7,4],[6,9],[11,6],[4,11]]
Ok: [[1,2],[3,4],[5,6],[7,8],[2,4],[6,8],[2,6],[2,5],[3,5],[7,9],[5,9],[5,4],[5,7],[7,6],[7,4],[6,9],[4,11],[4,6]]
Ok: [[1,2],[3,4],[5,6],[7,8],[2,4],[6,8],[2,6],[2,5],[3,5],[7,9],[5,9],[5,4],[5,7],[7,6],[7,4],[6,9],[4,11],[6,4]]
Ok: [[1,2],[3,4],[5,6],[7,8],[2,4],[6,8],[2,6],[2,5],[3,5],[7,9],[5,9],[5,4],[5,7],[7,6],[7,4],[6,9],[11,4],[6,11]]
Ok: [[1,2],[3,4],[5,6],[7,8],[2,4],[6,8],[2,6],[2,5],[3,5],[7,9],[5,9],[5,4],[5,7],[7,6],[7,4],[4,6],[4,9],[4,11]]
Ok: [[1,2],[3,4],[5,6],[7,8],[2,4],[6,8],[2,6],[2,5],[3,5],[7,9],[5,9],[5,4],[5,7],[7,6],[7,4],[4,6],[4,11],[4,9]]
Ok: [[1,2],[3,4],[5,6],[7,8],[2,4],[6,8],[2,6],[2,5],[3,5],[7,9],[5,9],[5,4],[5,7],[7,6],[7,4],[4,6],[4,11],[9,4]]
Ok: [[1,2],[3,4],[5,6],[7,8],[2,4],[6,8],[2,6],[2,5],[3,5],[7,9],[5,9],[5,4],[5,7],[7,6],[7,4],[4,6],[11,4],[9,11]]
Ok: [[1,2],[3,4],[5,6],[7,8],[2,4],[6,8],[2,6],[2,5],[3,5],[7,9],[5,9],[5,4],[5,7],[7,6],[7,4],[4,6],[9,11],[4,9]]
Ok: [[1,2],[3,4],[5,6],[7,8],[2,4],[6,8],[2,6],[2,5],[3,5],[7,9],[5,9],[5,4],[5,7],[7,6],[7,4],[4,6],[9,11],[9,4]]
Ok: [[1,2],[3,4],[5,6],[7,8],[2,4],[6,8],[2,6],[2,5],[3,5],[7,9],[5,9],[5,4],[5,7],[7,6],[7,4],[4,6],[11,9],[4,11]]
Ok: [[1,2],[3,4],[5,6],[7,8],[2,4],[6,8],[2,6],[2,5],[3,5],[7,9],[5,9],[5,4],[5,7],[7,6],[7,4],[4,9],[4,6],[4,11]]
Ok: [[1,2],[3,4],[5,6],[7,8],[2,4],[6,8],[2,6],[2,5],[3,5],[7,9],[5,9],[5,4],[5,7],[7,6],[7,4],[4,9],[4,11],[4,6]]
Ok: [[1,2],[3,4],[5,6],[7,8],[2,4],[6,8],[2,6],[2,5],[3,5],[7,9],[5,9],[5,4],[5,7],[7,6],[7,4],[4,9],[4,11],[6,4]]
Ok: [[1,2],[3,4],[5,6],[7,8],[2,4],[6,8],[2,6],[2,5],[3,5],[7,9],[5,9],[5,4],[5,7],[7,6],[7,4],[4,9],[11,4],[6,11]]
Ok: [[1,2],[3,4],[5,6],[7,8],[2,4],[6,8],[2,6],[2,5],[3,5],[7,9],[5,9],[5,4],[5,7],[7,6],[7,4],[4,9],[6,11],[4,6]]
Ok: [[1,2],[3,4],[5,6],[7,8],[2,4],[6,8],[2,6],[2,5],[3,5],[7,9],[5,9],[5,4],[5,7],[7,6],[7,4],[4,9],[6,11],[6,4]]
Ok: [[1,2],[3,4],[5,6],[7,8],[2,4],[6,8],[2,6],[2,5],[3,5],[7,9],[5,9],[5,4],[5,7],[7,6],[7,4],[4,9],[11,6],[4,11]]
Ok: [[1,2],[3,4],[5,6],[7,8],[2,4],[6,8],[2,6],[2,5],[3,5],[7,9],[5,9],[5,4],[5,7],[7,6],[7,4],[6,11],[6,9],[4,6]]
Ok: [[1,2],[3,4],[5,6],[7,8],[2,4],[6,8],[2,6],[2,5],[3,5],[7,9],[5,9],[5,4],[5,7],[7,6],[7,4],[6,11],[6,9],[6,4]]
Ok: [[1,2],[3,4],[5,6],[7,8],[2,4],[6,8],[2,6],[2,5],[3,5],[7,9],[5,9],[5,4],[5,7],[7,6],[7,4],[6,11],[9,6],[4,9]]
Ok: [[1,2],[3,4],[5,6],[7,8],[2,4],[6,8],[2,6],[2,5],[3,5],[7,9],[5,9],[5,4],[5,7],[7,6],[7,4],[6,11],[9,6],[9,4]]
Ok: [[1,2],[3,4],[5,6],[7,8],[2,4],[6,8],[2,6],[2,5],[3,5],[7,9],[5,9],[5,4],[5,7],[7,6],[7,4],[11,6],[9,11],[4,9]]
Ok: [[1,2],[3,4],[5,6],[7,8],[2,4],[6,8],[2,6],[2,5],[3,5],[7,9],[5,9],[5,4],[5,7],[7,6],[7,4],[11,6],[9,11],[9,4]]
Ok: [[1,2],[3,4],[5,6],[7,8],[2,4],[6,8],[2,6],[2,5],[3,5],[7,9],[5,9],[5,4],[5,7],[7,6],[7,4],[11,6],[11,9],[4,11]]
Ok: [[1,2],[3,4],[5,6],[7,8],[2,4],[6,8],[2,6],[2,5],[3,5],[7,9],[5,9],[5,4],[5,7],[7,6],[7,4],[11,6],[4,11],[4,9]]
Ok: [[1,2],[3,4],[5,6],[7,8],[2,4],[6,8],[2,6],[2,5],[3,5],[7,9],[5,9],[5,4],[5,7],[7,6],[7,4],[11,6],[4,11],[9,4]]
Ok: [[1,2],[3,4],[5,6],[7,8],[2,4],[6,8],[2,6],[2,5],[3,5],[7,9],[5,9],[5,4],[5,7],[7,6],[7,4],[11,6],[11,4],[9,11]]
Ok: [[1,2],[3,4],[5,6],[7,8],[2,4],[6,8],[2,6],[2,5],[3,5],[7,9],[5,9],[5,4],[5,7],[7,6],[7,4],[11,6],[4,9],[4,11]]
Ok: [[1,2],[3,4],[5,6],[7,8],[2,4],[6,8],[2,6],[2,5],[3,5],[7,9],[5,9],[5,4],[5,7],[7,6],[7,4],[9,11],[6,9],[4,6]]
Ok: [[1,2],[3,4],[5,6],[7,8],[2,4],[6,8],[2,6],[2,5],[3,5],[7,9],[5,9],[5,4],[5,7],[7,6],[7,4],[9,11],[6,9],[6,4]]
Ok: [[1,2],[3,4],[5,6],[7,8],[2,4],[6,8],[2,6],[2,5],[3,5],[7,9],[5,9],[5,4],[5,7],[7,6],[7,4],[9,11],[9,6],[4,9]]
Ok: [[1,2],[3,4],[5,6],[7,8],[2,4],[6,8],[2,6],[2,5],[3,5],[7,9],[5,9],[5,4],[5,7],[7,6],[7,4],[9,11],[9,6],[9,4]]
Ok: [[1,2],[3,4],[5,6],[7,8],[2,4],[6,8],[2,6],[2,5],[3,5],[7,9],[5,9],[5,4],[5,7],[7,6],[7,4],[11,9],[6,11],[4,6]]
Ok: [[1,2],[3,4],[5,6],[7,8],[2,4],[6,8],[2,6],[2,5],[3,5],[7,9],[5,9],[5,4],[5,7],[7,6],[7,4],[11,9],[6,11],[6,4]]
Ok: [[1,2],[3,4],[5,6],[7,8],[2,4],[6,8],[2,6],[2,5],[3,5],[7,9],[5,9],[5,4],[5,7],[7,6],[7,4],[11,9],[11,6],[4,11]]
Ok: [[1,2],[3,4],[5,6],[7,8],[2,4],[6,8],[2,6],[2,5],[3,5],[7,9],[5,9],[5,4],[5,7],[7,6],[7,4],[11,9],[4,11],[4,6]]
Ok: [[1,2],[3,4],[5,6],[7,8],[2,4],[6,8],[2,6],[2,5],[3,5],[7,9],[5,9],[5,4],[5,7],[7,6],[7,4],[11,9],[4,11],[6,4]]
Ok: [[1,2],[3,4],[5,6],[7,8],[2,4],[6,8],[2,6],[2,5],[3,5],[7,9],[5,9],[5,4],[5,7],[7,6],[7,4],[11,9],[11,4],[6,11]]
Ok: [[1,2],[3,4],[5,6],[7,8],[2,4],[6,8],[2,6],[2,5],[3,5],[7,9],[5,9],[5,4],[5,7],[7,6],[7,4],[11,9],[4,6],[4,11]]
Ok: [[1,2],[3,4],[5,6],[7,8],[2,4],[6,8],[2,6],[2,5],[3,5],[7,9],[5,9],[5,4],[5,7],[7,6],[7,4],[4,11],[4,6],[4,9]]
Ok: [[1,2],[3,4],[5,6],[7,8],[2,4],[6,8],[2,6],[2,5],[3,5],[7,9],[5,9],[5,4],[5,7],[7,6],[7,4],[4,11],[4,6],[9,4]]
Ok: [[1,2],[3,4],[5,6],[7,8],[2,4],[6,8],[2,6],[2,5],[3,5],[7,9],[5,9],[5,4],[5,7],[7,6],[7,4],[4,11],[6,4],[6,9]]
Ok: [[1,2],[3,4],[5,6],[7,8],[2,4],[6,8],[2,6],[2,5],[3,5],[7,9],[5,9],[5,4],[5,7],[7,6],[7,4],[4,11],[6,4],[9,6]]
Ok: [[1,2],[3,4],[5,6],[7,8],[2,4],[6,8],[2,6],[2,5],[3,5],[7,9],[5,9],[5,4],[5,7],[7,6],[7,4],[11,4],[6,9],[6,11]]
Ok: [[1,2],[3,4],[5,6],[7,8],[2,4],[6,8],[2,6],[2,5],[3,5],[7,9],[5,9],[5,4],[5,7],[7,6],[7,4],[11,4],[6,11],[6,9]]
Ok: [[1,2],[3,4],[5,6],[7,8],[2,4],[6,8],[2,6],[2,5],[3,5],[7,9],[5,9],[5,4],[5,7],[7,6],[7,4],[11,4],[6,11],[9,6]]
Ok: [[1,2],[3,4],[5,6],[7,8],[2,4],[6,8],[2,6],[2,5],[3,5],[7,9],[5,9],[5,4],[5,7],[7,6],[7,4],[11,4],[11,6],[9,11]]
Ok: [[1,2],[3,4],[5,6],[7,8],[2,4],[6,8],[2,6],[2,5],[3,5],[7,9],[5,9],[5,4],[5,7],[7,6],[7,4],[11,4],[9,11],[6,9]]
Ok: [[1,2],[3,4],[5,6],[7,8],[2,4],[6,8],[2,6],[2,5],[3,5],[7,9],[5,9],[5,4],[5,7],[7,6],[7,4],[11,4],[9,11],[9,6]]
Ok: [[1,2],[3,4],[5,6],[7,8],[2,4],[6,8],[2,6],[2,5],[3,5],[7,9],[5,9],[5,4],[5,7],[7,6],[7,4],[11,4],[11,9],[6,11]]
Ok: [[1,2],[3,4],[5,6],[7,8],[2,4],[6,8],[2,6],[2,5],[3,5],[7,9],[5,9],[5,4],[5,7],[7,6],[7,11],[6,9],[4,6],[4,7]]
Ok: [[1,2],[3,4],[5,6],[7,8],[2,4],[6,8],[2,6],[2,5],[3,5],[7,9],[5,9],[5,4],[5,7],[7,6],[7,11],[6,9],[6,11],[4,7]]
Ok: [[1,2],[3,4],[5,6],[7,8],[2,4],[6,8],[2,6],[2,5],[3,5],[7,9],[5,9],[5,4],[5,7],[7,6],[7,11],[6,9],[4,7]]
Ok: [[1,2],[3,4],[5,6],[7,8],[2,4],[6,8],[2,6],[2,5],[3,5],[7,9],[5,9],[5,4],[5,7],[7,6],[7,11],[6,9],[4,11],[4,7]]
Ok: [[1,2],[3,4],[5,6],[7,8],[2,4],[6,8],[2,6],[2,5],[3,5],[7,9],[5,9],[5,4],[5,7],[7,6],[7,11],[4,6],[4,7]]
Ok: [[1,2],[3,4],[5,6],[7,8],[2,4],[6,8],[2,6],[2,5],[3,5],[7,9],[5,9],[5,4],[5,7],[7,6],[7,11],[4,6],[4,9],[4,7]]
Ok: [[1,2],[3,4],[5,6],[7,8],[2,4],[6,8],[2,6],[2,5],[3,5],[7,9],[5,9],[5,4],[5,7],[7,6],[7,11],[4,6],[4,11],[4,7]]
Ok: [[1,2],[3,4],[5,6],[7,8],[2,4],[6,8],[2,6],[2,5],[3,5],[7,9],[5,9],[5,4],[5,7],[7,6],[7,11],[4,6],[9,11],[4,7]]
Ok: [[1,2],[3,4],[5,6],[7,8],[2,4],[6,8],[2,6],[2,5],[3,5],[7,9],[5,9],[5,4],[5,7],[7,6],[7,11],[4,9],[4,7]]
Ok: [[1,2],[3,4],[5,6],[7,8],[2,4],[6,8],[2,6],[2,5],[3,5],[7,9],[5,9],[5,4],[5,7],[7,6],[7,11],[4,9],[4,6],[4,7]]
Ok: [[1,2],[3,4],[5,6],[7,8],[2,4],[6,8],[2,6],[2,5],[3,5],[7,9],[5,9],[5,4],[5,7],[7,6],[7,11],[4,9],[4,11],[4,7]]
Ok: [[1,2],[3,4],[5,6],[7,8],[2,4],[6,8],[2,6],[2,5],[3,5],[7,9],[5,9],[5,4],[5,7],[7,6],[7,11],[4,9],[6,11],[4,7]]
Ok: [[1,2],[3,4],[5,6],[7,8],[2,4],[6,8],[2,6],[2,5],[3,5],[7,9],[5,9],[5,4],[5,7],[7,6],[7,11],[6,11],[6,9],[4,7]]
Ok: [[1,2],[3,4],[5,6],[7,8],[2,4],[6,8],[2,6],[2,5],[3,5],[7,9],[5,9],[5,4],[5,7],[7,6],[7,11],[6,11],[4,6],[4,7]]
Ok: [[1,2],[3,4],[5,6],[7,8],[2,4],[6,8],[2,6],[2,5],[3,5],[7,9],[5,9],[5,4],[5,7],[7,6],[7,11],[6,11],[4,9],[4,7]]
Ok: [[1,2],[3,4],[5,6],[7,8],[2,4],[6,8],[2,6],[2,5],[3,5],[7,9],[5,9],[5,4],[5,7],[7,6],[7,11],[6,11],[4,7]]
Ok: [[1,2],[3,4],[5,6],[7,8],[2,4],[6,8],[2,6],[2,5],[3,5],[7,9],[5,9],[5,4],[5,7],[7,6],[7,11],[9,11],[6,9],[4,7]]
Ok: [[1,2],[3,4],[5,6],[7,8],[2,4],[6,8],[2,6],[2,5],[3,5],[7,9],[5,9],[5,4],[5,7],[7,6],[7,11],[9,11],[4,9],[4,7]]
Ok: [[1,2],[3,4],[5,6],[7,8],[2,4],[6,8],[2,6],[2,5],[3,5],[7,9],[5,9],[5,4],[5,7],[7,6],[7,11],[9,11],[4,6],[4,7]]
Ok: [[1,2],[3,4],[5,6],[7,8],[2,4],[6,8],[2,6],[2,5],[3,5],[7,9],[5,9],[5,4],[5,7],[7,6],[7,11],[9,11],[4,7]]
Ok: [[1,2],[3,4],[5,6],[7,8],[2,4],[6,8],[2,6],[2,5],[3,5],[7,9],[5,9],[5,4],[5,7],[7,6],[7,11],[4,7]]
Ok: [[1,2],[3,4],[5,6],[7,8],[2,4],[6,8],[2,6],[2,5],[3,5],[7,9],[5,9],[5,4],[5,7],[7,6],[7,11],[4,11],[4,6],[4,7]]
Ok: [[1,2],[3,4],[5,6],[7,8],[2,4],[6,8],[2,6],[2,5],[3,5],[7,9],[5,9],[5,4],[5,7],[7,6],[7,11],[4,11],[4,7]]
Ok: [[1,2],[3,4],[5,6],[7,8],[2,4],[6,8],[2,6],[2,5],[3,5],[7,9],[5,9],[5,4],[5,7],[7,6],[7,11],[4,11],[4,9],[4,7]]
Ok: [[1,2],[3,4],[5,6],[7,8],[2,4],[6,8],[2,6],[2,5],[3,5],[7,9],[5,9],[5,4],[5,7],[7,6],[7,11],[4,11],[6,9],[4,7]]
Ok: [[1,2],[3,4],[5,6],[7,8],[2,4],[6,8],[2,6],[2,5],[3,5],[7,9],[5,9],[5,4],[5,7],[7,6],[4,6],[4,7],[4,11],[7,11]]
Ok: [[1,2],[3,4],[5,6],[7,8],[2,4],[6,8],[2,6],[2,5],[3,5],[7,9],[5,9],[5,4],[5,7],[7,6],[4,6],[4,7],[4,11],[11,7]]
Ok: [[1,2],[3,4],[5,6],[7,8],[2,4],[6,8],[2,6],[2,5],[3,5],[7,9],[5,9],[5,4],[5,7],[7,6],[4,6],[4,7],[11,4]]
Ok: [[1,2],[3,4],[5,6],[7,8],[2,4],[6,8],[2,6],[2,5],[3,5],[7,9],[5,9],[5,4],[5,7],[7,6],[4,6],[7,4],[4,9],[4,11]]
Ok: [[1,2],[3,4],[5,6],[7,8],[2,4],[6,8],[2,6],[2,5],[3,5],[7,9],[5,9],[5,4],[5,7],[7,6],[4,6],[7,4],[4,11],[4,9]]
Ok: [[1,2],[3,4],[5,6],[7,8],[2,4],[6,8],[2,6],[2,5],[3,5],[7,9],[5,9],[5,4],[5,7],[7,6],[4,6],[7,4],[4,11],[9,4]]
Ok: [[1,2],[3,4],[5,6],[7,8],[2,4],[6,8],[2,6],[2,5],[3,5],[7,9],[5,9],[5,4],[5,7],[7,6],[4,6],[7,4],[11,4],[9,11]]
Ok: [[1,2],[3,4],[5,6],[7,8],[2,4],[6,8],[2,6],[2,5],[3,5],[7,9],[5,9],[5,4],[5,7],[7,6],[4,6],[7,4],[9,11],[4,9]]
Ok: [[1,2],[3,4],[5,6],[7,8],[2,4],[6,8],[2,6],[2,5],[3,5],[7,9],[5,9],[5,4],[5,7],[7,6],[4,6],[7,4],[9,11],[9,4]]
Ok: [[1,2],[3,4],[5,6],[7,8],[2,4],[6,8],[2,6],[2,5],[3,5],[7,9],[5,9],[5,4],[5,7],[7,6],[4,6],[7,4],[11,9],[4,11]]
Ok: [[1,2],[3,4],[5,6],[7,8],[2,4],[6,8],[2,6],[2,5],[3,5],[7,9],[5,9],[5,4],[5,7],[7,6],[4,6],[7,11],[4,7]]
Ok: [[1,2],[3,4],[5,6],[7,8],[2,4],[6,8],[2,6],[2,5],[3,5],[7,9],[5,9],[5,4],[5,7],[7,6],[4,6],[7,11],[4,9],[4,7]]
Ok: [[1,2],[3,4],[5,6],[7,8],[2,4],[6,8],[2,6],[2,5],[3,5],[7,9],[5,9],[5,4],[5,7],[7,6],[4,6],[7,11],[4,11],[4,7]]
Ok: [[1,2],[3,4],[5,6],[7,8],[2,4],[6,8],[2,6],[2,5],[3,5],[7,9],[5,9],[5,4],[5,7],[7,6],[4,6],[7,11],[9,11],[4,7]]
Ok: [[1,2],[3,4],[5,6],[7,8],[2,4],[6,8],[2,6],[2,5],[3,5],[7,9],[5,9],[5,4],[5,7],[7,6],[4,6],[4,9],[4,7],[7,11]]
Ok: [[1,2],[3,4],[5,6],[7,8],[2,4],[6,8],[2,6],[2,5],[3,5],[7,9],[5,9],[5,4],[5,7],[7,6],[4,6],[4,9],[7,11],[4,7]]
Ok: [[1,2],[3,4],[5,6],[7,8],[2,4],[6,8],[2,6],[2,5],[3,5],[7,9],[5,9],[5,4],[5,7],[7,6],[4,6],[4,11],[4,7],[7,11]]
Ok: [[1,2],[3,4],[5,6],[7,8],[2,4],[6,8],[2,6],[2,5],[3,5],[7,9],[5,9],[5,4],[5,7],[7,6],[4,6],[4,11],[4,7],[11,7]]
Ok: [[1,2],[3,4],[5,6],[7,8],[2,4],[6,8],[2,6],[2,5],[3,5],[7,9],[5,9],[5,4],[5,7],[7,6],[4,6],[4,11],[7,4],[4,9]]
Ok: [[1,2],[3,4],[5,6],[7,8],[2,4],[6,8],[2,6],[2,5],[3,5],[7,9],[5,9],[5,4],[5,7],[7,6],[4,6],[4,11],[7,4],[9,4]]
Ok: [[1,2],[3,4],[5,6],[7,8],[2,4],[6,8],[2,6],[2,5],[3,5],[7,9],[5,9],[5,4],[5,7],[7,6],[4,6],[11,4],[4,7]]
Ok: [[1,2],[3,4],[5,6],[7,8],[2,4],[6,8],[2,6],[2,5],[3,5],[7,9],[5,9],[5,4],[5,7],[7,6],[4,6],[11,4],[7,4],[9,11]]
Ok: [[1,2],[3,4],[5,6],[7,8],[2,4],[6,8],[2,6],[2,5],[3,5],[7,9],[5,9],[5,4],[5,7],[7,6],[4,6],[11,4],[7,11],[9,11]]
Ok: [[1,2],[3,4],[5,6],[7,8],[2,4],[6,8],[2,6],[2,5],[3,5],[7,9],[5,9],[5,4],[5,7],[7,6],[4,6],[11,4],[7,11],[11,9]]
Ok: [[1,2],[3,4],[5,6],[7,8],[2,4],[6,8],[2,6],[2,5],[3,5],[7,9],[5,9],[5,4],[5,7],[7,6],[4,6],[11,4],[11,7],[4,7]]
Ok: [[1,2],[3,4],[5,6],[7,8],[2,4],[6,8],[2,6],[2,5],[3,5],[7,9],[5,9],[5,4],[5,7],[7,6],[4,6],[11,4],[11,7],[7,4]]
Ok: [[1,2],[3,4],[5,6],[7,8],[2,4],[6,8],[2,6],[2,5],[3,5],[7,9],[5,9],[5,4],[5,7],[7,6],[6,4],[7,11],[6,9],[6,11]]
Ok: [[1,2],[3,4],[5,6],[7,8],[2,4],[6,8],[2,6],[2,5],[3,5],[7,9],[5,9],[5,4],[5,7],[7,6],[6,4],[7,11],[6,9],[11,6]]
Ok: [[1,2],[3,4],[5,6],[7,8],[2,4],[6,8],[2,6],[2,5],[3,5],[7,9],[5,9],[5,4],[5,7],[7,6],[6,4],[7,11],[9,6],[9,11]]
Ok: [[1,2],[3,4],[5,6],[7,8],[2,4],[6,8],[2,6],[2,5],[3,5],[7,9],[5,9],[5,4],[5,7],[7,6],[6,4],[7,11],[9,6],[11,9]]
Ok: [[1,2],[3,4],[5,6],[7,8],[2,4],[6,8],[2,6],[2,5],[3,5],[7,9],[5,9],[5,4],[5,7],[7,6],[6,4],[11,7]]
Ok: [[1,2],[3,4],[5,6],[7,8],[2,4],[6,8],[2,6],[2,5],[3,5],[7,9],[5,9],[5,4],[7,5],[5,11],[6,9],[4,6],[4,11]]
Ok: [[1,2],[3,4],[5,6],[7,8],[2,4],[6,8],[2,6],[2,5],[3,5],[7,9],[5,9],[5,4],[7,5],[5,11],[6,9],[4,6],[11,4]]
Ok: [[1,2],[3,4],[5,6],[7,8],[2,4],[6,8],[2,6],[2,5],[3,5],[7,9],[5,9],[5,4],[7,5],[5,11],[6,9],[6,4],[6,11]]
Ok: [[1,2],[3,4],[5,6],[7,8],[2,4],[6,8],[2,6],[2,5],[3,5],[7,9],[5,9],[5,4],[7,5],[5,11],[6,9],[6,4],[11,6]]
Ok: [[1,2],[3,4],[5,6],[7,8],[2,4],[6,8],[2,6],[2,5],[3,5],[7,9],[5,9],[5,4],[7,5],[5,11],[9,6],[4,9],[4,11]]
Ok: [[1,2],[3,4],[5,6],[7,8],[2,4],[6,8],[2,6],[2,5],[3,5],[7,9],[5,9],[5,4],[7,5],[5,11],[9,6],[4,9],[11,4]]
Ok: [[1,2],[3,4],[5,6],[7,8],[2,4],[6,8],[2,6],[2,5],[3,5],[7,9],[5,9],[5,4],[7,5],[5,11],[9,6],[9,4],[9,11]]
Ok: [[1,2],[3,4],[5,6],[7,8],[2,4],[6,8],[2,6],[2,5],[3,5],[7,9],[5,9],[5,4],[7,5],[5,11],[9,6],[9,4],[11,9]]
Ok: [[1,2],[3,4],[5,6],[7,8],[2,4],[6,8],[2,6],[2,5],[3,5],[7,9],[5,9],[5,4],[7,5],[11,5]]
Ok: [[1,2],[3,4],[5,6],[7,8],[2,4],[6,8],[2,6],[2,5],[3,5],[7,9],[9,5],[2,9],[4,9],[9,11]]
Ok: [[1,2],[3,4],[5,6],[7,8],[2,4],[6,8],[2,6],[2,5],[3,5],[7,9],[9,5],[2,9],[4,9],[11,9],[4,7],[7,11]]
Ok: [[1,2],[3,4],[5,6],[7,8],[2,4],[6,8],[2,6],[2,5],[3,5],[7,9],[9,5],[2,9],[4,9],[11,9],[4,7],[11,7]]
Ok: [[1,2],[3,4],[5,6],[7,8],[2,4],[6,8],[2,6],[2,5],[3,5],[7,9],[9,5],[2,9],[4,9],[11,9],[7,4],[4,11]]
Ok: [[1,2],[3,4],[5,6],[7,8],[2,4],[6,8],[2,6],[2,5],[3,5],[7,9],[9,5],[2,9],[4,9],[11,9],[7,4],[11,4]]
Ok: [[1,2],[3,4],[5,6],[7,8],[2,4],[6,8],[2,6],[2,5],[3,5],[7,9],[9,5],[2,9],[9,4],[3,9],[9,10],[4,5],[4,10],[4,11]]
Ok: [[1,2],[3,4],[5,6],[7,8],[2,4],[6,8],[2,6],[2,5],[3,5],[7,9],[9,5],[2,9],[9,4],[3,9],[9,10],[4,5],[4,11],[4,10]]
Ok: [[1,2],[3,4],[5,6],[7,8],[2,4],[6,8],[2,6],[2,5],[3,5],[7,9],[9,5],[2,9],[9,4],[3,9],[9,10],[4,5],[4,11],[10,4]]
Ok: [[1,2],[3,4],[5,6],[7,8],[2,4],[6,8],[2,6],[2,5],[3,5],[7,9],[9,5],[2,9],[9,4],[3,9],[9,10],[4,5],[11,4],[10,11]]
Ok: [[1,2],[3,4],[5,6],[7,8],[2,4],[6,8],[2,6],[2,5],[3,5],[7,9],[9,5],[2,9],[9,4],[3,9],[9,10],[4,5],[10,11],[4,10]]
Ok: [[1,2],[3,4],[5,6],[7,8],[2,4],[6,8],[2,6],[2,5],[3,5],[7,9],[9,5],[2,9],[9,4],[3,9],[9,10],[4,5],[10,11],[10,4]]
Ok: [[1,2],[3,4],[5,6],[7,8],[2,4],[6,8],[2,6],[2,5],[3,5],[7,9],[9,5],[2,9],[9,4],[3,9],[9,10],[4,5],[11,10],[4,11]]
Ok: [[1,2],[3,4],[5,6],[7,8],[2,4],[6,8],[2,6],[2,5],[3,5],[7,9],[9,5],[2,9],[9,4],[3,9],[9,10],[5,10],[4,5],[4,11]]
Ok: [[1,2],[3,4],[5,6],[7,8],[2,4],[6,8],[2,6],[2,5],[3,5],[7,9],[9,5],[2,9],[9,4],[3,9],[9,10],[5,10],[5,11],[4,5]]
Ok: [[1,2],[3,4],[5,6],[7,8],[2,4],[6,8],[2,6],[2,5],[3,5],[7,9],[9,5],[2,9],[9,4],[3,9],[9,10],[5,10],[5,11],[5,4]]
Ok: [[1,2],[3,4],[5,6],[7,8],[2,4],[6,8],[2,6],[2,5],[3,5],[7,9],[9,5],[2,9],[9,4],[3,9],[9,10],[5,10],[11,5],[4,11]]
Ok: [[1,2],[3,4],[5,6],[7,8],[2,4],[6,8],[2,6],[2,5],[3,5],[7,9],[9,5],[2,9],[9,4],[3,9],[9,10],[5,10],[4,11],[4,5]]
Ok: [[1,2],[3,4],[5,6],[7,8],[2,4],[6,8],[2,6],[2,5],[3,5],[7,9],[9,5],[2,9],[9,4],[3,9],[9,10],[5,10],[4,11],[5,4]]
Ok: [[1,2],[3,4],[5,6],[7,8],[2,4],[6,8],[2,6],[2,5],[3,5],[7,9],[9,5],[2,9],[9,4],[3,9],[9,10],[5,10],[11,4],[5,11]]
Ok: [[1,2],[3,4],[5,6],[7,8],[2,4],[6,8],[2,6],[2,5],[3,5],[7,9],[9,5],[2,9],[9,4],[3,9],[9,10],[5,11],[4,5],[4,10]]
Ok: [[1,2],[3,4],[5,6],[7,8],[2,4],[6,8],[2,6],[2,5],[3,5],[7,9],[9,5],[2,9],[9,4],[3,9],[9,10],[5,11],[4,5],[10,4]]
Ok: [[1,2],[3,4],[5,6],[7,8],[2,4],[6,8],[2,6],[2,5],[3,5],[7,9],[9,5],[2,9],[9,4],[3,9],[9,10],[5,11],[5,4],[5,10]]
Ok: [[1,2],[3,4],[5,6],[7,8],[2,4],[6,8],[2,6],[2,5],[3,5],[7,9],[9,5],[2,9],[9,4],[3,9],[9,10],[5,11],[5,4],[10,5]]
Ok: [[1,2],[3,4],[5,6],[7,8],[2,4],[6,8],[2,6],[2,5],[3,5],[7,9],[9,5],[2,9],[9,4],[3,9],[9,10],[11,5],[4,11],[4,10]]
Ok: [[1,2],[3,4],[5,6],[7,8],[2,4],[6,8],[2,6],[2,5],[3,5],[7,9],[9,5],[2,9],[9,4],[3,9],[9,10],[11,5],[4,11],[10,4]]
Ok: [[1,2],[3,4],[5,6],[7,8],[2,4],[6,8],[2,6],[2,5],[3,5],[7,9],[9,5],[2,9],[9,4],[3,9],[9,10],[11,5],[11,4],[10,11]]
Ok: [[1,2],[3,4],[5,6],[7,8],[2,4],[6,8],[2,6],[2,5],[3,5],[7,9],[9,5],[2,9],[9,4],[3,9],[9,10],[11,5],[10,11],[4,10]]
Ok: [[1,2],[3,4],[5,6],[7,8],[2,4],[6,8],[2,6],[2,5],[3,5],[7,9],[9,5],[2,9],[9,4],[3,9],[9,10],[11,5],[10,11],[10,4]]
Ok: [[1,2],[3,4],[5,6],[7,8],[2,4],[6,8],[2,6],[2,5],[3,5],[7,9],[9,5],[2,9],[9,4],[3,9],[9,10],[11,5],[11,10],[4,11]]
Ok: [[1,2],[3,4],[5,6],[7,8],[2,4],[6,8],[2,6],[2,5],[3,5],[7,9],[9,5],[2,9],[9,4],[3,9],[9,10],[11,5],[4,10],[4,11]]
Ok: [[1,2],[3,4],[5,6],[7,8],[2,4],[6,8],[2,6],[2,5],[3,5],[7,9],[9,5],[2,9],[9,4],[3,9],[9,10],[4,10],[4,5],[4,11]]
Ok: [[1,2],[3,4],[5,6],[7,8],[2,4],[6,8],[2,6],[2,5],[3,5],[7,9],[9,5],[2,9],[9,4],[3,9],[9,10],[4,10],[5,11],[4,5]]
Ok: [[1,2],[3,4],[5,6],[7,8],[2,4],[6,8],[2,6],[2,5],[3,5],[7,9],[9,5],[2,9],[9,4],[3,9],[9,10],[4,10],[5,11],[5,4]]
Ok: [[1,2],[3,4],[5,6],[7,8],[2,4],[6,8],[2,6],[2,5],[3,5],[7,9],[9,5],[2,9],[9,4],[3,9],[9,10],[4,10],[11,5],[4,11]]
Ok: [[1,2],[3,4],[5,6],[7,8],[2,4],[6,8],[2,6],[2,5],[3,5],[7,9],[9,5],[2,9],[9,4],[3,9],[9,10],[4,10],[4,11],[4,5]]
Ok: [[1,2],[3,4],[5,6],[7,8],[2,4],[6,8],[2,6],[2,5],[3,5],[7,9],[9,5],[2,9],[9,4],[3,9],[9,10],[4,10],[4,11],[5,4]]
Ok: [[1,2],[3,4],[5,6],[7,8],[2,4],[6,8],[2,6],[2,5],[3,5],[7,9],[9,5],[2,9],[9,4],[3,9],[9,10],[4,10],[11,4],[5,11]]
Ok: [[1,2],[3,4],[5,6],[7,8],[2,4],[6,8],[2,6],[2,5],[3,5],[7,9],[9,5],[2,9],[9,4],[3,9],[9,10],[4,11],[4,5],[4,10]]
Ok: [[1,2],[3,4],[5,6],[7,8],[2,4],[6,8],[2,6],[2,5],[3,5],[7,9],[9,5],[2,9],[9,4],[3,9],[9,10],[4,11],[4,5],[10,4]]
Ok: [[1,2],[3,4],[5,6],[7,8],[2,4],[6,8],[2,6],[2,5],[3,5],[7,9],[9,5],[2,9],[9,4],[3,9],[9,10],[4,11],[5,4],[5,10]]
Ok: [[1,2],[3,4],[5,6],[7,8],[2,4],[6,8],[2,6],[2,5],[3,5],[7,9],[9,5],[2,9],[9,4],[3,9],[9,10],[4,11],[5,4],[10,5]]
Ok: [[1,2],[3,4],[5,6],[7,8],[2,4],[6,8],[2,6],[2,5],[3,5],[7,9],[9,5],[2,9],[9,4],[3,9],[9,10],[11,4],[5,11],[5,10]]
Ok: [[1,2],[3,4],[5,6],[7,8],[2,4],[6,8],[2,6],[2,5],[3,5],[7,9],[9,5],[2,9],[9,4],[3,9],[9,10],[11,4],[5,11],[10,5]]
Ok: [[1,2],[3,4],[5,6],[7,8],[2,4],[6,8],[2,6],[2,5],[3,5],[7,9],[9,5],[2,9],[9,4],[3,9],[9,10],[11,4],[11,5],[10,11]]
Ok: [[1,2],[3,4],[5,6],[7,8],[2,4],[6,8],[2,6],[2,5],[3,5],[7,9],[9,5],[2,9],[9,4],[3,9],[9,10],[11,4],[5,10],[5,11]]
Ok: [[1,2],[3,4],[5,6],[7,8],[2,4],[6,8],[2,6],[2,5],[3,5],[7,9],[9,5],[2,9],[9,4],[3,9],[9,10],[11,4],[10,11],[5,10]]
Ok: [[1,2],[3,4],[5,6],[7,8],[2,4],[6,8],[2,6],[2,5],[3,5],[7,9],[9,5],[2,9],[9,4],[3,9],[9,10],[11,4],[10,11],[10,5]]
Ok: [[1,2],[3,4],[5,6],[7,8],[2,4],[6,8],[2,6],[2,5],[3,5],[7,9],[9,5],[2,9],[9,4],[3,9],[9,10],[11,4],[11,10],[5,11]]
Ok: [[1,2],[3,4],[5,6],[7,8],[2,4],[6,8],[2,6],[2,5],[3,5],[7,9],[9,5],[2,9],[9,4],[3,9],[9,10],[10,11],[5,10],[4,5]]
Ok: [[1,2],[3,4],[5,6],[7,8],[2,4],[6,8],[2,6],[2,5],[3,5],[7,9],[9,5],[2,9],[9,4],[3,9],[9,10],[10,11],[5,10],[5,4]]
Ok: [[1,2],[3,4],[5,6],[7,8],[2,4],[6,8],[2,6],[2,5],[3,5],[7,9],[9,5],[2,9],[9,4],[3,9],[9,10],[10,11],[10,5],[4,10]]
Ok: [[1,2],[3,4],[5,6],[7,8],[2,4],[6,8],[2,6],[2,5],[3,5],[7,9],[9,5],[2,9],[9,4],[3,9],[9,10],[10,11],[10,5],[10,4]]
Ok: [[1,2],[3,4],[5,6],[7,8],[2,4],[6,8],[2,6],[2,5],[3,5],[7,9],[9,5],[2,9],[9,4],[3,9],[9,10],[11,10],[5,11],[4,5]]
Ok: [[1,2],[3,4],[5,6],[7,8],[2,4],[6,8],[2,6],[2,5],[3,5],[7,9],[9,5],[2,9],[9,4],[3,9],[9,10],[11,10],[5,11],[5,4]]
Ok: [[1,2],[3,4],[5,6],[7,8],[2,4],[6,8],[2,6],[2,5],[3,5],[7,9],[9,5],[2,9],[9,4],[3,9],[9,10],[11,10],[11,5],[4,11]]
Ok: [[1,2],[3,4],[5,6],[7,8],[2,4],[6,8],[2,6],[2,5],[3,5],[7,9],[9,5],[2,9],[9,4],[3,9],[9,10],[11,10],[4,5],[4,11]]
Ok: [[1,2],[3,4],[5,6],[7,8],[2,4],[6,8],[2,6],[2,5],[3,5],[7,9],[9,5],[2,9],[9,4],[3,9],[9,10],[11,10],[4,11],[4,5]]
Ok: [[1,2],[3,4],[5,6],[7,8],[2,4],[6,8],[2,6],[2,5],[3,5],[7,9],[9,5],[2,9],[9,4],[3,9],[9,10],[11,10],[4,11],[5,4]]
Ok: [[1,2],[3,4],[5,6],[7,8],[2,4],[6,8],[2,6],[2,5],[3,5],[7,9],[9,5],[2,9],[9,4],[3,9],[9,10],[11,10],[11,4],[5,11]]
Ok: [[1,2],[3,4],[5,6],[7,8],[2,4],[6,8],[2,6],[2,5],[3,5],[7,9],[9,5],[2,9],[9,4],[3,9],[9,11],[4,5],[4,10],[4,11]]
Ok: [[1,2],[3,4],[5,6],[7,8],[2,4],[6,8],[2,6],[2,5],[3,5],[7,9],[9,5],[2,9],[9,4],[3,9],[9,11],[4,5],[4,10],[11,4]]
Ok: [[1,2],[3,4],[5,6],[7,8],[2,4],[6,8],[2,6],[2,5],[3,5],[7,9],[9,5],[2,9],[9,4],[3,9],[9,11],[4,5],[10,4],[10,11]]
Ok: [[1,2],[3,4],[5,6],[7,8],[2,4],[6,8],[2,6],[2,5],[3,5],[7,9],[9,5],[2,9],[9,4],[3,9],[9,11],[4,5],[10,4],[11,10]]
Ok: [[1,2],[3,4],[5,6],[7,8],[2,4],[6,8],[2,6],[2,5],[3,5],[7,9],[9,5],[2,9],[9,4],[3,9],[9,11],[5,4],[5,10],[5,11]]
Ok: [[1,2],[3,4],[5,6],[7,8],[2,4],[6,8],[2,6],[2,5],[3,5],[7,9],[9,5],[2,9],[9,4],[3,9],[9,11],[5,4],[5,10],[11,5]]
Ok: [[1,2],[3,4],[5,6],[7,8],[2,4],[6,8],[2,6],[2,5],[3,5],[7,9],[9,5],[2,9],[9,4],[3,9],[9,11],[5,4],[10,5],[10,11]]
Ok: [[1,2],[3,4],[5,6],[7,8],[2,4],[6,8],[2,6],[2,5],[3,5],[7,9],[9,5],[2,9],[9,4],[3,9],[9,11],[5,4],[10,5],[11,10]]
Ok: [[1,2],[3,4],[5,6],[7,8],[2,4],[6,8],[2,6],[2,5],[3,5],[7,9],[9,5],[2,9],[9,4],[3,9],[11,9]]
Ok: [[1,2],[3,4],[5,6],[7,8],[2,4],[6,8],[2,6],[2,5],[3,5],[7,9],[9,5],[2,9],[9,4],[9,3],[3,10],[4,5],[4,10],[4,11]]
Ok: [[1,2],[3,4],[5,6],[7,8],[2,4],[6,8],[2,6],[2,5],[3,5],[7,9],[9,5],[2,9],[9,4],[9,3],[3,10],[4,5],[4,11],[4,10]]
Ok: [[1,2],[3,4],[5,6],[7,8],[2,4],[6,8],[2,6],[2,5],[3,5],[7,9],[9,5],[2,9],[9,4],[9,3],[3,10],[4,5],[4,11],[10,4]]
Ok: [[1,2],[3,4],[5,6],[7,8],[2,4],[6,8],[2,6],[2,5],[3,5],[7,9],[9,5],[2,9],[9,4],[9,3],[3,10],[4,5],[11,4],[10,11]]
Ok: [[1,2],[3,4],[5,6],[7,8],[2,4],[6,8],[2,6],[2,5],[3,5],[7,9],[9,5],[2,9],[9,4],[9,3],[3,10],[4,5],[10,11],[4,10]]
Ok: [[1,2],[3,4],[5,6],[7,8],[2,4],[6,8],[2,6],[2,5],[3,5],[7,9],[9,5],[2,9],[9,4],[9,3],[3,10],[4,5],[10,11],[10,4]]
Ok: [[1,2],[3,4],[5,6],[7,8],[2,4],[6,8],[2,6],[2,5],[3,5],[7,9],[9,5],[2,9],[9,4],[9,3],[3,10],[4,5],[11,10],[4,11]]
Ok: [[1,2],[3,4],[5,6],[7,8],[2,4],[6,8],[2,6],[2,5],[3,5],[7,9],[9,5],[2,9],[9,4],[9,3],[3,10],[5,10],[4,5],[4,11]]
Ok: [[1,2],[3,4],[5,6],[7,8],[2,4],[6,8],[2,6],[2,5],[3,5],[7,9],[9,5],[2,9],[9,4],[9,3],[3,10],[5,10],[5,11],[4,5]]
Ok: [[1,2],[3,4],[5,6],[7,8],[2,4],[6,8],[2,6],[2,5],[3,5],[7,9],[9,5],[2,9],[9,4],[9,3],[3,10],[5,10],[5,11],[5,4]]
Ok: [[1,2],[3,4],[5,6],[7,8],[2,4],[6,8],[2,6],[2,5],[3,5],[7,9],[9,5],[2,9],[9,4],[9,3],[3,10],[5,10],[11,5],[4,11]]
Ok: [[1,2],[3,4],[5,6],[7,8],[2,4],[6,8],[2,6],[2,5],[3,5],[7,9],[9,5],[2,9],[9,4],[9,3],[3,10],[5,10],[4,11],[4,5]]
Ok: [[1,2],[3,4],[5,6],[7,8],[2,4],[6,8],[2,6],[2,5],[3,5],[7,9],[9,5],[2,9],[9,4],[9,3],[3,10],[5,10],[4,11],[5,4]]
Ok: [[1,2],[3,4],[5,6],[7,8],[2,4],[6,8],[2,6],[2,5],[3,5],[7,9],[9,5],[2,9],[9,4],[9,3],[3,10],[5,10],[11,4],[5,11]]
Ok: [[1,2],[3,4],[5,6],[7,8],[2,4],[6,8],[2,6],[2,5],[3,5],[7,9],[9,5],[2,9],[9,4],[9,3],[3,10],[5,11],[4,5],[4,10]]
Ok: [[1,2],[3,4],[5,6],[7,8],[2,4],[6,8],[2,6],[2,5],[3,5],[7,9],[9,5],[2,9],[9,4],[9,3],[3,10],[5,11],[4,5],[10,4]]
Ok: [[1,2],[3,4],[5,6],[7,8],[2,4],[6,8],[2,6],[2,5],[3,5],[7,9],[9,5],[2,9],[9,4],[9,3],[3,10],[5,11],[5,4],[5,10]]
Ok: [[1,2],[3,4],[5,6],[7,8],[2,4],[6,8],[2,6],[2,5],[3,5],[7,9],[9,5],[2,9],[9,4],[9,3],[3,10],[5,11],[5,4],[10,5]]
Ok: [[1,2],[3,4],[5,6],[7,8],[2,4],[6,8],[2,6],[2,5],[3,5],[7,9],[9,5],[2,9],[9,4],[9,3],[3,10],[11,5],[4,11],[4,10]]
Ok: [[1,2],[3,4],[5,6],[7,8],[2,4],[6,8],[2,6],[2,5],[3,5],[7,9],[9,5],[2,9],[9,4],[9,3],[3,10],[11,5],[4,11],[10,4]]
Ok: [[1,2],[3,4],[5,6],[7,8],[2,4],[6,8],[2,6],[2,5],[3,5],[7,9],[9,5],[2,9],[9,4],[9,3],[3,10],[11,5],[11,4],[10,11]]
Ok: [[1,2],[3,4],[5,6],[7,8],[2,4],[6,8],[2,6],[2,5],[3,5],[7,9],[9,5],[2,9],[9,4],[9,3],[3,10],[11,5],[10,11],[4,10]]
Ok: [[1,2],[3,4],[5,6],[7,8],[2,4],[6,8],[2,6],[2,5],[3,5],[7,9],[9,5],[2,9],[9,4],[9,3],[3,10],[11,5],[10,11],[10,4]]
Ok: [[1,2],[3,4],[5,6],[7,8],[2,4],[6,8],[2,6],[2,5],[3,5],[7,9],[9,5],[2,9],[9,4],[9,3],[3,10],[11,5],[11,10],[4,11]]
Ok: [[1,2],[3,4],[5,6],[7,8],[2,4],[6,8],[2,6],[2,5],[3,5],[7,9],[9,5],[2,9],[9,4],[9,3],[3,10],[11,5],[4,10],[4,11]]
Ok: [[1,2],[3,4],[5,6],[7,8],[2,4],[6,8],[2,6],[2,5],[3,5],[7,9],[9,5],[2,9],[9,4],[9,3],[3,10],[4,10],[4,5],[4,11]]
Ok: [[1,2],[3,4],[5,6],[7,8],[2,4],[6,8],[2,6],[2,5],[3,5],[7,9],[9,5],[2,9],[9,4],[9,3],[3,10],[4,10],[5,11],[4,5]]
Ok: [[1,2],[3,4],[5,6],[7,8],[2,4],[6,8],[2,6],[2,5],[3,5],[7,9],[9,5],[2,9],[9,4],[9,3],[3,10],[4,10],[5,11],[5,4]]
Ok: [[1,2],[3,4],[5,6],[7,8],[2,4],[6,8],[2,6],[2,5],[3,5],[7,9],[9,5],[2,9],[9,4],[9,3],[3,10],[4,10],[11,5],[4,11]]
Ok: [[1,2],[3,4],[5,6],[7,8],[2,4],[6,8],[2,6],[2,5],[3,5],[7,9],[9,5],[2,9],[9,4],[9,3],[3,10],[4,10],[4,11],[4,5]]
Ok: [[1,2],[3,4],[5,6],[7,8],[2,4],[6,8],[2,6],[2,5],[3,5],[7,9],[9,5],[2,9],[9,4],[9,3],[3,10],[4,10],[4,11],[5,4]]
Ok: [[1,2],[3,4],[5,6],[7,8],[2,4],[6,8],[2,6],[2,5],[3,5],[7,9],[9,5],[2,9],[9,4],[9,3],[3,10],[4,10],[11,4],[5,11]]
Ok: [[1,2],[3,4],[5,6],[7,8],[2,4],[6,8],[2,6],[2,5],[3,5],[7,9],[9,5],[2,9],[9,4],[9,3],[3,10],[4,11],[4,5],[4,10]]
Ok: [[1,2],[3,4],[5,6],[7,8],[2,4],[6,8],[2,6],[2,5],[3,5],[7,9],[9,5],[2,9],[9,4],[9,3],[3,10],[4,11],[4,5],[10,4]]
Ok: [[1,2],[3,4],[5,6],[7,8],[2,4],[6,8],[2,6],[2,5],[3,5],[7,9],[9,5],[2,9],[9,4],[9,3],[3,10],[4,11],[5,4],[5,10]]
Ok: [[1,2],[3,4],[5,6],[7,8],[2,4],[6,8],[2,6],[2,5],[3,5],[7,9],[9,5],[2,9],[9,4],[9,3],[3,10],[4,11],[5,4],[10,5]]
Ok: [[1,2],[3,4],[5,6],[7,8],[2,4],[6,8],[2,6],[2,5],[3,5],[7,9],[9,5],[2,9],[9,4],[9,3],[3,10],[11,4],[5,11],[5,10]]
Ok: [[1,2],[3,4],[5,6],[7,8],[2,4],[6,8],[2,6],[2,5],[3,5],[7,9],[9,5],[2,9],[9,4],[9,3],[3,10],[11,4],[5,11],[10,5]]
Ok: [[1,2],[3,4],[5,6],[7,8],[2,4],[6,8],[2,6],[2,5],[3,5],[7,9],[9,5],[2,9],[9,4],[9,3],[3,10],[11,4],[11,5],[10,11]]
Ok: [[1,2],[3,4],[5,6],[7,8],[2,4],[6,8],[2,6],[2,5],[3,5],[7,9],[9,5],[2,9],[9,4],[9,3],[3,10],[11,4],[5,10],[5,11]]
Ok: [[1,2],[3,4],[5,6],[7,8],[2,4],[6,8],[2,6],[2,5],[3,5],[7,9],[9,5],[2,9],[9,4],[9,3],[3,10],[11,4],[10,11],[5,10]]
Ok: [[1,2],[3,4],[5,6],[7,8],[2,4],[6,8],[2,6],[2,5],[3,5],[7,9],[9,5],[2,9],[9,4],[9,3],[3,10],[11,4],[10,11],[10,5]]
Ok: [[1,2],[3,4],[5,6],[7,8],[2,4],[6,8],[2,6],[2,5],[3,5],[7,9],[9,5],[2,9],[9,4],[9,3],[3,10],[11,4],[11,10],[5,11]]
Ok: [[1,2],[3,4],[5,6],[7,8],[2,4],[6,8],[2,6],[2,5],[3,5],[7,9],[9,5],[2,9],[9,4],[9,3],[3,10],[10,11],[5,10],[4,5]]
Ok: [[1,2],[3,4],[5,6],[7,8],[2,4],[6,8],[2,6],[2,5],[3,5],[7,9],[9,5],[2,9],[9,4],[9,3],[3,10],[10,11],[5,10],[5,4]]
Ok: [[1,2],[3,4],[5,6],[7,8],[2,4],[6,8],[2,6],[2,5],[3,5],[7,9],[9,5],[2,9],[9,4],[9,3],[3,10],[10,11],[10,5],[4,10]]
Ok: [[1,2],[3,4],[5,6],[7,8],[2,4],[6,8],[2,6],[2,5],[3,5],[7,9],[9,5],[2,9],[9,4],[9,3],[3,10],[10,11],[10,5],[10,4]]
Ok: [[1,2],[3,4],[5,6],[7,8],[2,4],[6,8],[2,6],[2,5],[3,5],[7,9],[9,5],[2,9],[9,4],[9,3],[3,10],[11,10],[5,11],[4,5]]
Ok: [[1,2],[3,4],[5,6],[7,8],[2,4],[6,8],[2,6],[2,5],[3,5],[7,9],[9,5],[2,9],[9,4],[9,3],[3,10],[11,10],[5,11],[5,4]]
Ok: [[1,2],[3,4],[5,6],[7,8],[2,4],[6,8],[2,6],[2,5],[3,5],[7,9],[9,5],[2,9],[9,4],[9,3],[3,10],[11,10],[11,5],[4,11]]
Ok: [[1,2],[3,4],[5,6],[7,8],[2,4],[6,8],[2,6],[2,5],[3,5],[7,9],[9,5],[2,9],[9,4],[9,3],[3,10],[11,10],[4,5],[4,11]]
Ok: [[1,2],[3,4],[5,6],[7,8],[2,4],[6,8],[2,6],[2,5],[3,5],[7,9],[9,5],[2,9],[9,4],[9,3],[3,10],[11,10],[4,11],[4,5]]
Ok: [[1,2],[3,4],[5,6],[7,8],[2,4],[6,8],[2,6],[2,5],[3,5],[7,9],[9,5],[2,9],[9,4],[9,3],[3,10],[11,10],[4,11],[5,4]]
Ok: [[1,2],[3,4],[5,6],[7,8],[2,4],[6,8],[2,6],[2,5],[3,5],[7,9],[9,5],[2,9],[9,4],[9,3],[3,10],[11,10],[11,4],[5,11]]
Ok: [[1,2],[3,4],[5,6],[7,8],[2,4],[6,8],[2,6],[2,5],[3,5],[7,9],[9,5],[2,9],[9,4],[9,3],[3,11],[4,5],[4,10],[4,11]]
Ok: [[1,2],[3,4],[5,6],[7,8],[2,4],[6,8],[2,6],[2,5],[3,5],[7,9],[9,5],[2,9],[9,4],[9,3],[3,11],[4,5],[4,10],[11,4]]
Ok: [[1,2],[3,4],[5,6],[7,8],[2,4],[6,8],[2,6],[2,5],[3,5],[7,9],[9,5],[2,9],[9,4],[9,3],[3,11],[4,5],[4,11],[4,10]]
Ok: [[1,2],[3,4],[5,6],[7,8],[2,4],[6,8],[2,6],[2,5],[3,5],[7,9],[9,5],[2,9],[9,4],[9,3],[3,11],[4,5],[10,11],[4,10]]
Ok: [[1,2],[3,4],[5,6],[7,8],[2,4],[6,8],[2,6],[2,5],[3,5],[7,9],[9,5],[2,9],[9,4],[9,3],[3,11],[5,10],[4,5],[4,11]]
Ok: [[1,2],[3,4],[5,6],[7,8],[2,4],[6,8],[2,6],[2,5],[3,5],[7,9],[9,5],[2,9],[9,4],[9,3],[3,11],[5,10],[4,5],[11,4]]
Ok: [[1,2],[3,4],[5,6],[7,8],[2,4],[6,8],[2,6],[2,5],[3,5],[7,9],[9,5],[2,9],[9,4],[9,3],[3,11],[5,10],[5,4],[5,11]]
Ok: [[1,2],[3,4],[5,6],[7,8],[2,4],[6,8],[2,6],[2,5],[3,5],[7,9],[9,5],[2,9],[9,4],[9,3],[3,11],[5,10],[5,4],[11,5]]
Ok: [[1,2],[3,4],[5,6],[7,8],[2,4],[6,8],[2,6],[2,5],[3,5],[7,9],[9,5],[2,9],[9,4],[9,3],[3,11],[10,5],[4,10],[4,11]]
Ok: [[1,2],[3,4],[5,6],[7,8],[2,4],[6,8],[2,6],[2,5],[3,5],[7,9],[9,5],[2,9],[9,4],[9,3],[3,11],[10,5],[4,10],[11,4]]
Ok: [[1,2],[3,4],[5,6],[7,8],[2,4],[6,8],[2,6],[2,5],[3,5],[7,9],[9,5],[2,9],[9,4],[9,3],[3,11],[10,5],[10,11],[4,10]]
Ok: [[1,2],[3,4],[5,6],[7,8],[2,4],[6,8],[2,6],[2,5],[3,5],[7,9],[9,5],[2,9],[9,4],[9,3],[3,11],[10,5],[4,11],[4,10]]
Ok: [[1,2],[3,4],[5,6],[7,8],[2,4],[6,8],[2,6],[2,5],[3,5],[7,9],[9,5],[2,9],[9,4],[9,3],[3,11],[5,11],[4,5],[4,10]]
Ok: [[1,2],[3,4],[5,6],[7,8],[2,4],[6,8],[2,6],[2,5],[3,5],[7,9],[9,5],[2,9],[9,4],[9,3],[3,11],[5,11],[5,10],[4,5]]
Ok: [[1,2],[3,4],[5,6],[7,8],[2,4],[6,8],[2,6],[2,5],[3,5],[7,9],[9,5],[2,9],[9,4],[9,3],[3,11],[5,11],[5,10],[5,4]]
Ok: [[1,2],[3,4],[5,6],[7,8],[2,4],[6,8],[2,6],[2,5],[3,5],[7,9],[9,5],[2,9],[9,4],[9,3],[3,11],[5,11],[10,5],[4,10]]
Ok: [[1,2],[3,4],[5,6],[7,8],[2,4],[6,8],[2,6],[2,5],[3,5],[7,9],[9,5],[2,9],[9,4],[9,3],[3,11],[5,11],[4,10],[4,5]]
Ok: [[1,2],[3,4],[5,6],[7,8],[2,4],[6,8],[2,6],[2,5],[3,5],[7,9],[9,5],[2,9],[9,4],[9,3],[3,11],[5,11],[4,10],[5,4]]
Ok: [[1,2],[3,4],[5,6],[7,8],[2,4],[6,8],[2,6],[2,5],[3,5],[7,9],[9,5],[2,9],[9,4],[9,3],[3,11],[5,11],[10,4],[5,10]]
Ok: [[1,2],[3,4],[5,6],[7,8],[2,4],[6,8],[2,6],[2,5],[3,5],[7,9],[9,5],[2,9],[9,4],[9,3],[3,11],[4,10],[4,5],[4,11]]
Ok: [[1,2],[3,4],[5,6],[7,8],[2,4],[6,8],[2,6],[2,5],[3,5],[7,9],[9,5],[2,9],[9,4],[9,3],[3,11],[4,10],[4,5],[11,4]]
Ok: [[1,2],[3,4],[5,6],[7,8],[2,4],[6,8],[2,6],[2,5],[3,5],[7,9],[9,5],[2,9],[9,4],[9,3],[3,11],[4,10],[5,4],[5,11]]
Ok: [[1,2],[3,4],[5,6],[7,8],[2,4],[6,8],[2,6],[2,5],[3,5],[7,9],[9,5],[2,9],[9,4],[9,3],[3,11],[4,10],[5,4],[11,5]]
Ok: [[1,2],[3,4],[5,6],[7,8],[2,4],[6,8],[2,6],[2,5],[3,5],[7,9],[9,5],[2,9],[9,4],[9,3],[3,11],[10,4],[5,10],[5,11]]
Ok: [[1,2],[3,4],[5,6],[7,8],[2,4],[6,8],[2,6],[2,5],[3,5],[7,9],[9,5],[2,9],[9,4],[9,3],[3,11],[10,4],[5,10],[11,5]]
Ok: [[1,2],[3,4],[5,6],[7,8],[2,4],[6,8],[2,6],[2,5],[3,5],[7,9],[9,5],[2,9],[9,4],[9,3],[3,11],[10,4],[5,11],[5,10]]
Ok: [[1,2],[3,4],[5,6],[7,8],[2,4],[6,8],[2,6],[2,5],[3,5],[7,9],[9,5],[2,9],[9,4],[9,3],[3,11],[10,4],[10,11],[5,10]]
Ok: [[1,2],[3,4],[5,6],[7,8],[2,4],[6,8],[2,6],[2,5],[3,5],[7,9],[9,5],[2,9],[9,4],[9,3],[3,11],[4,11],[4,5],[4,10]]
Ok: [[1,2],[3,4],[5,6],[7,8],[2,4],[6,8],[2,6],[2,5],[3,5],[7,9],[9,5],[2,9],[9,4],[9,3],[3,11],[4,11],[5,10],[4,5]]
Ok: [[1,2],[3,4],[5,6],[7,8],[2,4],[6,8],[2,6],[2,5],[3,5],[7,9],[9,5],[2,9],[9,4],[9,3],[3,11],[4,11],[5,10],[5,4]]
Ok: [[1,2],[3,4],[5,6],[7,8],[2,4],[6,8],[2,6],[2,5],[3,5],[7,9],[9,5],[2,9],[9,4],[9,3],[3,11],[4,11],[10,5],[4,10]]
Ok: [[1,2],[3,4],[5,6],[7,8],[2,4],[6,8],[2,6],[2,5],[3,5],[7,9],[9,5],[2,9],[9,4],[9,3],[3,11],[4,11],[4,10],[4,5]]
Ok: [[1,2],[3,4],[5,6],[7,8],[2,4],[6,8],[2,6],[2,5],[3,5],[7,9],[9,5],[2,9],[9,4],[9,3],[3,11],[4,11],[4,10],[5,4]]
Ok: [[1,2],[3,4],[5,6],[7,8],[2,4],[6,8],[2,6],[2,5],[3,5],[7,9],[9,5],[2,9],[9,4],[9,3],[3,11],[4,11],[10,4],[5,10]]
Ok: [[1,2],[3,4],[5,6],[7,8],[2,4],[6,8],[2,6],[2,5],[3,5],[7,9],[9,5],[2,9],[9,4],[9,3],[3,11],[10,11],[5,10],[4,5]]
Ok: [[1,2],[3,4],[5,6],[7,8],[2,4],[6,8],[2,6],[2,5],[3,5],[7,9],[9,5],[2,9],[9,4],[9,3],[3,11],[10,11],[5,10],[5,4]]
Ok: [[1,2],[3,4],[5,6],[7,8],[2,4],[6,8],[2,6],[2,5],[3,5],[7,9],[9,5],[2,9],[9,4],[9,3],[3,11],[10,11],[10,5],[4,10]]
Ok: [[1,2],[3,4],[5,6],[7,8],[2,4],[6,8],[2,6],[2,5],[3,5],[7,9],[9,5],[2,9],[9,4],[9,3],[3,11],[10,11],[4,5],[4,10]]
Ok: [[1,2],[3,4],[5,6],[7,8],[2,4],[6,8],[2,6],[2,5],[3,5],[7,9],[9,5],[2,9],[9,4],[9,3],[3,11],[10,11],[4,10],[4,5]]
Ok: [[1,2],[3,4],[5,6],[7,8],[2,4],[6,8],[2,6],[2,5],[3,5],[7,9],[9,5],[2,9],[9,4],[9,3],[3,11],[10,11],[4,10],[5,4]]
Ok: [[1,2],[3,4],[5,6],[7,8],[2,4],[6,8],[2,6],[2,5],[3,5],[7,9],[9,5],[2,9],[9,4],[9,3],[3,11],[10,11],[10,4],[5,10]]
Ok: [[1,2],[3,4],[5,6],[7,8],[2,4],[6,8],[2,6],[2,5],[3,5],[7,9],[9,5],[2,9],[9,4],[9,3],[5,10],[3,11],[4,5],[4,11]]
Ok: [[1,2],[3,4],[5,6],[7,8],[2,4],[6,8],[2,6],[2,5],[3,5],[7,9],[9,5],[2,9],[9,4],[9,3],[5,10],[3,11],[4,5],[11,4]]
Ok: [[1,2],[3,4],[5,6],[7,8],[2,4],[6,8],[2,6],[2,5],[3,5],[7,9],[9,5],[2,9],[9,4],[9,3],[5,10],[3,11],[5,4],[5,11]]
Ok: [[1,2],[3,4],[5,6],[7,8],[2,4],[6,8],[2,6],[2,5],[3,5],[7,9],[9,5],[2,9],[9,4],[9,3],[5,10],[3,11],[5,4],[11,5]]
Ok: [[1,2],[3,4],[5,6],[7,8],[2,4],[6,8],[2,6],[2,5],[3,5],[7,9],[9,5],[2,9],[9,4],[9,3],[5,10],[11,3]]
Ok: [[1,2],[3,4],[5,6],[7,8],[2,4],[6,8],[2,6],[2,5],[3,5],[7,9],[9,5],[2,9],[9,4],[9,3],[10,5],[3,10],[4,10],[4,11]]
Ok: [[1,2],[3,4],[5,6],[7,8],[2,4],[6,8],[2,6],[2,5],[3,5],[7,9],[9,5],[2,9],[9,4],[9,3],[10,5],[3,10],[10,11],[4,10]]
Ok: [[1,2],[3,4],[5,6],[7,8],[2,4],[6,8],[2,6],[2,5],[3,5],[7,9],[9,5],[2,9],[9,4],[9,3],[10,5],[3,10],[10,11],[10,4]]
Ok: [[1,2],[3,4],[5,6],[7,8],[2,4],[6,8],[2,6],[2,5],[3,5],[7,9],[9,5],[2,9],[9,4],[9,3],[10,5],[3,10],[11,10],[4,11]]
Ok: [[1,2],[3,4],[5,6],[7,8],[2,4],[6,8],[2,6],[2,5],[3,5],[7,9],[9,5],[2,9],[9,4],[9,3],[10,5],[3,10],[4,11],[4,10]]
Ok: [[1,2],[3,4],[5,6],[7,8],[2,4],[6,8],[2,6],[2,5],[3,5],[7,9],[9,5],[2,9],[9,4],[9,3],[10,5],[3,10],[4,11],[10,4]]
Ok: [[1,2],[3,4],[5,6],[7,8],[2,4],[6,8],[2,6],[2,5],[3,5],[7,9],[9,5],[2,9],[9,4],[9,3],[10,5],[3,10],[11,4],[10,11]]
Ok: [[1,2],[3,4],[5,6],[7,8],[2,4],[6,8],[2,6],[2,5],[3,5],[7,9],[9,5],[2,9],[9,4],[9,3],[10,5],[3,11],[4,10],[4,11]]
Ok: [[1,2],[3,4],[5,6],[7,8],[2,4],[6,8],[2,6],[2,5],[3,5],[7,9],[9,5],[2,9],[9,4],[9,3],[10,5],[3,11],[4,10],[11,4]]
Ok: [[1,2],[3,4],[5,6],[7,8],[2,4],[6,8],[2,6],[2,5],[3,5],[7,9],[9,5],[2,9],[9,4],[9,3],[10,5],[3,11],[10,11],[4,10]]
Ok: [[1,2],[3,4],[5,6],[7,8],[2,4],[6,8],[2,6],[2,5],[3,5],[7,9],[9,5],[2,9],[9,4],[9,3],[10,5],[3,11],[4,11],[4,10]]
Ok: [[1,2],[3,4],[5,6],[7,8],[2,4],[6,8],[2,6],[2,5],[3,5],[7,9],[9,5],[2,9],[9,4],[9,3],[10,5],[10,11],[3,10],[4,10]]
Ok: [[1,2],[3,4],[5,6],[7,8],[2,4],[6,8],[2,6],[2,5],[3,5],[7,9],[9,5],[2,9],[9,4],[9,3],[10,5],[10,11],[3,10],[10,4]]
Ok: [[1,2],[3,4],[5,6],[7,8],[2,4],[6,8],[2,6],[2,5],[3,5],[7,9],[9,5],[2,9],[9,4],[9,3],[10,5],[10,11],[10,3],[3,11]]
Ok: [[1,2],[3,4],[5,6],[7,8],[2,4],[6,8],[2,6],[2,5],[3,5],[7,9],[9,5],[2,9],[9,4],[9,3],[10,5],[10,11],[10,3],[11,3]]
Ok: [[1,2],[3,4],[5,6],[7,8],[2,4],[6,8],[2,6],[2,5],[3,5],[7,9],[9,5],[2,9],[9,4],[9,3],[10,5],[11,10],[3,10],[4,11]]
Ok: [[1,2],[3,4],[5,6],[7,8],[2,4],[6,8],[2,6],[2,5],[3,5],[7,9],[9,5],[2,9],[9,4],[9,3],[10,5],[11,10],[3,11],[4,11]]
Ok: [[1,2],[3,4],[5,6],[7,8],[2,4],[6,8],[2,6],[2,5],[3,5],[7,9],[9,5],[2,9],[9,4],[9,3],[10,5],[11,10],[3,11],[11,4]]
Ok: [[1,2],[3,4],[5,6],[7,8],[2,4],[6,8],[2,6],[2,5],[3,5],[7,9],[9,5],[2,9],[9,4],[9,3],[10,5],[11,10],[11,3],[3,10]]
Ok: [[1,2],[3,4],[5,6],[7,8],[2,4],[6,8],[2,6],[2,5],[3,5],[7,9],[9,5],[2,9],[9,4],[9,3],[10,5],[11,10],[11,3],[10,3]]
Ok: [[1,2],[3,4],[5,6],[7,8],[2,4],[6,8],[2,6],[2,5],[3,5],[7,9],[9,5],[9,2],[2,10],[2,3],[3,10],[4,5],[4,10],[4,11]]
Ok: [[1,2],[3,4],[5,6],[7,8],[2,4],[6,8],[2,6],[2,5],[3,5],[7,9],[9,5],[9,2],[2,10],[2,3],[3,10],[4,5],[4,11],[4,10]]
Ok: [[1,2],[3,4],[5,6],[7,8],[2,4],[6,8],[2,6],[2,5],[3,5],[7,9],[9,5],[9,2],[2,10],[2,3],[3,10],[4,5],[4,11],[10,4]]
Ok: [[1,2],[3,4],[5,6],[7,8],[2,4],[6,8],[2,6],[2,5],[3,5],[7,9],[9,5],[9,2],[2,10],[2,3],[3,10],[4,5],[11,4],[10,11]]
Ok: [[1,2],[3,4],[5,6],[7,8],[2,4],[6,8],[2,6],[2,5],[3,5],[7,9],[9,5],[9,2],[2,10],[2,3],[3,10],[4,5],[10,11],[4,10]]
Ok: [[1,2],[3,4],[5,6],[7,8],[2,4],[6,8],[2,6],[2,5],[3,5],[7,9],[9,5],[9,2],[2,10],[2,3],[3,10],[4,5],[10,11],[10,4]]
Ok: [[1,2],[3,4],[5,6],[7,8],[2,4],[6,8],[2,6],[2,5],[3,5],[7,9],[9,5],[9,2],[2,10],[2,3],[3,10],[4,5],[11,10],[4,11]]
Ok: [[1,2],[3,4],[5,6],[7,8],[2,4],[6,8],[2,6],[2,5],[3,5],[7,9],[9,5],[9,2],[2,10],[2,3],[3,10],[5,10],[4,5],[4,11]]
Ok: [[1,2],[3,4],[5,6],[7,8],[2,4],[6,8],[2,6],[2,5],[3,5],[7,9],[9,5],[9,2],[2,10],[2,3],[3,10],[5,10],[5,11],[4,5]]
Ok: [[1,2],[3,4],[5,6],[7,8],[2,4],[6,8],[2,6],[2,5],[3,5],[7,9],[9,5],[9,2],[2,10],[2,3],[3,10],[5,10],[5,11],[5,4]]
Ok: [[1,2],[3,4],[5,6],[7,8],[2,4],[6,8],[2,6],[2,5],[3,5],[7,9],[9,5],[9,2],[2,10],[2,3],[3,10],[5,10],[11,5],[4,11]]
Ok: [[1,2],[3,4],[5,6],[7,8],[2,4],[6,8],[2,6],[2,5],[3,5],[7,9],[9,5],[9,2],[2,10],[2,3],[3,10],[5,10],[4,11],[4,5]]
Ok: [[1,2],[3,4],[5,6],[7,8],[2,4],[6,8],[2,6],[2,5],[3,5],[7,9],[9,5],[9,2],[2,10],[2,3],[3,10],[5,10],[4,11],[5,4]]
Ok: [[1,2],[3,4],[5,6],[7,8],[2,4],[6,8],[2,6],[2,5],[3,5],[7,9],[9,5],[9,2],[2,10],[2,3],[3,10],[5,10],[11,4],[5,11]]
Ok: [[1,2],[3,4],[5,6],[7,8],[2,4],[6,8],[2,6],[2,5],[3,5],[7,9],[9,5],[9,2],[2,10],[2,3],[3,10],[5,11],[4,5],[4,10]]
Ok: [[1,2],[3,4],[5,6],[7,8],[2,4],[6,8],[2,6],[2,5],[3,5],[7,9],[9,5],[9,2],[2,10],[2,3],[3,10],[5,11],[4,5],[10,4]]
Ok: [[1,2],[3,4],[5,6],[7,8],[2,4],[6,8],[2,6],[2,5],[3,5],[7,9],[9,5],[9,2],[2,10],[2,3],[3,10],[5,11],[5,4],[5,10]]
Ok: [[1,2],[3,4],[5,6],[7,8],[2,4],[6,8],[2,6],[2,5],[3,5],[7,9],[9,5],[9,2],[2,10],[2,3],[3,10],[5,11],[5,4],[10,5]]
Ok: [[1,2],[3,4],[5,6],[7,8],[2,4],[6,8],[2,6],[2,5],[3,5],[7,9],[9,5],[9,2],[2,10],[2,3],[3,10],[11,5],[4,11],[4,10]]
Ok: [[1,2],[3,4],[5,6],[7,8],[2,4],[6,8],[2,6],[2,5],[3,5],[7,9],[9,5],[9,2],[2,10],[2,3],[3,10],[11,5],[4,11],[10,4]]
Ok: [[1,2],[3,4],[5,6],[7,8],[2,4],[6,8],[2,6],[2,5],[3,5],[7,9],[9,5],[9,2],[2,10],[2,3],[3,10],[11,5],[11,4],[10,11]]
Ok: [[1,2],[3,4],[5,6],[7,8],[2,4],[6,8],[2,6],[2,5],[3,5],[7,9],[9,5],[9,2],[2,10],[2,3],[3,10],[11,5],[10,11],[4,10]]
Ok: [[1,2],[3,4],[5,6],[7,8],[2,4],[6,8],[2,6],[2,5],[3,5],[7,9],[9,5],[9,2],[2,10],[2,3],[3,10],[11,5],[10,11],[10,4]]
Ok: [[1,2],[3,4],[5,6],[7,8],[2,4],[6,8],[2,6],[2,5],[3,5],[7,9],[9,5],[9,2],[2,10],[2,3],[3,10],[11,5],[11,10],[4,11]]
Ok: [[1,2],[3,4],[5,6],[7,8],[2,4],[6,8],[2,6],[2,5],[3,5],[7,9],[9,5],[9,2],[2,10],[2,3],[3,10],[11,5],[4,10],[4,11]]
Ok: [[1,2],[3,4],[5,6],[7,8],[2,4],[6,8],[2,6],[2,5],[3,5],[7,9],[9,5],[9,2],[2,10],[2,3],[3,10],[4,10],[4,5],[4,11]]
Ok: [[1,2],[3,4],[5,6],[7,8],[2,4],[6,8],[2,6],[2,5],[3,5],[7,9],[9,5],[9,2],[2,10],[2,3],[3,10],[4,10],[5,11],[4,5]]
Ok: [[1,2],[3,4],[5,6],[7,8],[2,4],[6,8],[2,6],[2,5],[3,5],[7,9],[9,5],[9,2],[2,10],[2,3],[3,10],[4,10],[5,11],[5,4]]
Ok: [[1,2],[3,4],[5,6],[7,8],[2,4],[6,8],[2,6],[2,5],[3,5],[7,9],[9,5],[9,2],[2,10],[2,3],[3,10],[4,10],[11,5],[4,11]]
Ok: [[1,2],[3,4],[5,6],[7,8],[2,4],[6,8],[2,6],[2,5],[3,5],[7,9],[9,5],[9,2],[2,10],[2,3],[3,10],[4,10],[4,11],[4,5]]
Ok: [[1,2],[3,4],[5,6],[7,8],[2,4],[6,8],[2,6],[2,5],[3,5],[7,9],[9,5],[9,2],[2,10],[2,3],[3,10],[4,10],[4,11],[5,4]]
Ok: [[1,2],[3,4],[5,6],[7,8],[2,4],[6,8],[2,6],[2,5],[3,5],[7,9],[9,5],[9,2],[2,10],[2,3],[3,10],[4,10],[11,4],[5,11]]
Ok: [[1,2],[3,4],[5,6],[7,8],[2,4],[6,8],[2,6],[2,5],[3,5],[7,9],[9,5],[9,2],[2,10],[2,3],[3,10],[4,11],[4,5],[4,10]]
Ok: [[1,2],[3,4],[5,6],[7,8],[2,4],[6,8],[2,6],[2,5],[3,5],[7,9],[9,5],[9,2],[2,10],[2,3],[3,10],[4,11],[4,5],[10,4]]
Ok: [[1,2],[3,4],[5,6],[7,8],[2,4],[6,8],[2,6],[2,5],[3,5],[7,9],[9,5],[9,2],[2,10],[2,3],[3,10],[4,11],[5,4],[5,10]]
Ok: [[1,2],[3,4],[5,6],[7,8],[2,4],[6,8],[2,6],[2,5],[3,5],[7,9],[9,5],[9,2],[2,10],[2,3],[3,10],[4,11],[5,4],[10,5]]
Ok: [[1,2],[3,4],[5,6],[7,8],[2,4],[6,8],[2,6],[2,5],[3,5],[7,9],[9,5],[9,2],[2,10],[2,3],[3,10],[11,4],[5,11],[5,10]]
Ok: [[1,2],[3,4],[5,6],[7,8],[2,4],[6,8],[2,6],[2,5],[3,5],[7,9],[9,5],[9,2],[2,10],[2,3],[3,10],[11,4],[5,11],[10,5]]
Ok: [[1,2],[3,4],[5,6],[7,8],[2,4],[6,8],[2,6],[2,5],[3,5],[7,9],[9,5],[9,2],[2,10],[2,3],[3,10],[11,4],[11,5],[10,11]]
Ok: [[1,2],[3,4],[5,6],[7,8],[2,4],[6,8],[2,6],[2,5],[3,5],[7,9],[9,5],[9,2],[2,10],[2,3],[3,10],[11,4],[5,10],[5,11]]
Ok: [[1,2],[3,4],[5,6],[7,8],[2,4],[6,8],[2,6],[2,5],[3,5],[7,9],[9,5],[9,2],[2,10],[2,3],[3,10],[11,4],[10,11],[5,10]]
Ok: [[1,2],[3,4],[5,6],[7,8],[2,4],[6,8],[2,6],[2,5],[3,5],[7,9],[9,5],[9,2],[2,10],[2,3],[3,10],[11,4],[10,11],[10,5]]
Ok: [[1,2],[3,4],[5,6],[7,8],[2,4],[6,8],[2,6],[2,5],[3,5],[7,9],[9,5],[9,2],[2,10],[2,3],[3,10],[11,4],[11,10],[5,11]]
Ok: [[1,2],[3,4],[5,6],[7,8],[2,4],[6,8],[2,6],[2,5],[3,5],[7,9],[9,5],[9,2],[2,10],[2,3],[3,10],[10,11],[5,10],[4,5]]
Ok: [[1,2],[3,4],[5,6],[7,8],[2,4],[6,8],[2,6],[2,5],[3,5],[7,9],[9,5],[9,2],[2,10],[2,3],[3,10],[10,11],[5,10],[5,4]]
Ok: [[1,2],[3,4],[5,6],[7,8],[2,4],[6,8],[2,6],[2,5],[3,5],[7,9],[9,5],[9,2],[2,10],[2,3],[3,10],[10,11],[10,5],[4,10]]
Ok: [[1,2],[3,4],[5,6],[7,8],[2,4],[6,8],[2,6],[2,5],[3,5],[7,9],[9,5],[9,2],[2,10],[2,3],[3,10],[10,11],[10,5],[10,4]]
Ok: [[1,2],[3,4],[5,6],[7,8],[2,4],[6,8],[2,6],[2,5],[3,5],[7,9],[9,5],[9,2],[2,10],[2,3],[3,10],[11,10],[5,11],[4,5]]
Ok: [[1,2],[3,4],[5,6],[7,8],[2,4],[6,8],[2,6],[2,5],[3,5],[7,9],[9,5],[9,2],[2,10],[2,3],[3,10],[11,10],[5,11],[5,4]]
Ok: [[1,2],[3,4],[5,6],[7,8],[2,4],[6,8],[2,6],[2,5],[3,5],[7,9],[9,5],[9,2],[2,10],[2,3],[3,10],[11,10],[11,5],[4,11]]
Ok: [[1,2],[3,4],[5,6],[7,8],[2,4],[6,8],[2,6],[2,5],[3,5],[7,9],[9,5],[9,2],[2,10],[2,3],[3,10],[11,10],[4,5],[4,11]]
Ok: [[1,2],[3,4],[5,6],[7,8],[2,4],[6,8],[2,6],[2,5],[3,5],[7,9],[9,5],[9,2],[2,10],[2,3],[3,10],[11,10],[4,11],[4,5]]
Ok: [[1,2],[3,4],[5,6],[7,8],[2,4],[6,8],[2,6],[2,5],[3,5],[7,9],[9,5],[9,2],[2,10],[2,3],[3,10],[11,10],[4,11],[5,4]]
Ok: [[1,2],[3,4],[5,6],[7,8],[2,4],[6,8],[2,6],[2,5],[3,5],[7,9],[9,5],[9,2],[2,10],[2,3],[3,10],[11,10],[11,4],[5,11]]
Ok: [[1,2],[3,4],[5,6],[7,8],[2,4],[6,8],[2,6],[2,5],[3,5],[7,9],[9,5],[9,2],[2,10],[2,3],[3,11],[4,5],[4,10],[4,11]]
Ok: [[1,2],[3,4],[5,6],[7,8],[2,4],[6,8],[2,6],[2,5],[3,5],[7,9],[9,5],[9,2],[2,10],[2,3],[3,11],[4,5],[4,10],[11,4]]
Ok: [[1,2],[3,4],[5,6],[7,8],[2,4],[6,8],[2,6],[2,5],[3,5],[7,9],[9,5],[9,2],[2,10],[2,3],[3,11],[4,5],[4,11],[4,10]]
Ok: [[1,2],[3,4],[5,6],[7,8],[2,4],[6,8],[2,6],[2,5],[3,5],[7,9],[9,5],[9,2],[2,10],[2,3],[3,11],[4,5],[10,11],[4,10]]
Ok: [[1,2],[3,4],[5,6],[7,8],[2,4],[6,8],[2,6],[2,5],[3,5],[7,9],[9,5],[9,2],[2,10],[2,3],[3,11],[5,10],[4,5],[4,11]]
Ok: [[1,2],[3,4],[5,6],[7,8],[2,4],[6,8],[2,6],[2,5],[3,5],[7,9],[9,5],[9,2],[2,10],[2,3],[3,11],[5,10],[4,5],[11,4]]
Ok: [[1,2],[3,4],[5,6],[7,8],[2,4],[6,8],[2,6],[2,5],[3,5],[7,9],[9,5],[9,2],[2,10],[2,3],[3,11],[5,10],[5,4],[5,11]]
Ok: [[1,2],[3,4],[5,6],[7,8],[2,4],[6,8],[2,6],[2,5],[3,5],[7,9],[9,5],[9,2],[2,10],[2,3],[3,11],[5,10],[5,4],[11,5]]
Ok: [[1,2],[3,4],[5,6],[7,8],[2,4],[6,8],[2,6],[2,5],[3,5],[7,9],[9,5],[9,2],[2,10],[2,3],[3,11],[10,5],[4,10],[4,11]]
Ok: [[1,2],[3,4],[5,6],[7,8],[2,4],[6,8],[2,6],[2,5],[3,5],[7,9],[9,5],[9,2],[2,10],[2,3],[3,11],[10,5],[4,10],[11,4]]
Ok: [[1,2],[3,4],[5,6],[7,8],[2,4],[6,8],[2,6],[2,5],[3,5],[7,9],[9,5],[9,2],[2,10],[2,3],[3,11],[10,5],[10,11],[4,10]]
Ok: [[1,2],[3,4],[5,6],[7,8],[2,4],[6,8],[2,6],[2,5],[3,5],[7,9],[9,5],[9,2],[2,10],[2,3],[3,11],[10,5],[4,11],[4,10]]
Ok: [[1,2],[3,4],[5,6],[7,8],[2,4],[6,8],[2,6],[2,5],[3,5],[7,9],[9,5],[9,2],[2,10],[2,3],[3,11],[5,11],[4,5],[4,10]]
Ok: [[1,2],[3,4],[5,6],[7,8],[2,4],[6,8],[2,6],[2,5],[3,5],[7,9],[9,5],[9,2],[2,10],[2,3],[3,11],[5,11],[5,10],[4,5]]
Ok: [[1,2],[3,4],[5,6],[7,8],[2,4],[6,8],[2,6],[2,5],[3,5],[7,9],[9,5],[9,2],[2,10],[2,3],[3,11],[5,11],[5,10],[5,4]]
Ok: [[1,2],[3,4],[5,6],[7,8],[2,4],[6,8],[2,6],[2,5],[3,5],[7,9],[9,5],[9,2],[2,10],[2,3],[3,11],[5,11],[10,5],[4,10]]
Ok: [[1,2],[3,4],[5,6],[7,8],[2,4],[6,8],[2,6],[2,5],[3,5],[7,9],[9,5],[9,2],[2,10],[2,3],[3,11],[5,11],[4,10],[4,5]]
Ok: [[1,2],[3,4],[5,6],[7,8],[2,4],[6,8],[2,6],[2,5],[3,5],[7,9],[9,5],[9,2],[2,10],[2,3],[3,11],[5,11],[4,10],[5,4]]
Ok: [[1,2],[3,4],[5,6],[7,8],[2,4],[6,8],[2,6],[2,5],[3,5],[7,9],[9,5],[9,2],[2,10],[2,3],[3,11],[5,11],[10,4],[5,10]]
Ok: [[1,2],[3,4],[5,6],[7,8],[2,4],[6,8],[2,6],[2,5],[3,5],[7,9],[9,5],[9,2],[2,10],[2,3],[3,11],[4,10],[4,5],[4,11]]
Ok: [[1,2],[3,4],[5,6],[7,8],[2,4],[6,8],[2,6],[2,5],[3,5],[7,9],[9,5],[9,2],[2,10],[2,3],[3,11],[4,10],[4,5],[11,4]]
Ok: [[1,2],[3,4],[5,6],[7,8],[2,4],[6,8],[2,6],[2,5],[3,5],[7,9],[9,5],[9,2],[2,10],[2,3],[3,11],[4,10],[5,4],[5,11]]
Ok: [[1,2],[3,4],[5,6],[7,8],[2,4],[6,8],[2,6],[2,5],[3,5],[7,9],[9,5],[9,2],[2,10],[2,3],[3,11],[4,10],[5,4],[11,5]]
Ok: [[1,2],[3,4],[5,6],[7,8],[2,4],[6,8],[2,6],[2,5],[3,5],[7,9],[9,5],[9,2],[2,10],[2,3],[3,11],[10,4],[5,10],[5,11]]
Ok: [[1,2],[3,4],[5,6],[7,8],[2,4],[6,8],[2,6],[2,5],[3,5],[7,9],[9,5],[9,2],[2,10],[2,3],[3,11],[10,4],[5,10],[11,5]]
Ok: [[1,2],[3,4],[5,6],[7,8],[2,4],[6,8],[2,6],[2,5],[3,5],[7,9],[9,5],[9,2],[2,10],[2,3],[3,11],[10,4],[5,11],[5,10]]
Ok: [[1,2],[3,4],[5,6],[7,8],[2,4],[6,8],[2,6],[2,5],[3,5],[7,9],[9,5],[9,2],[2,10],[2,3],[3,11],[10,4],[10,11],[5,10]]
Ok: [[1,2],[3,4],[5,6],[7,8],[2,4],[6,8],[2,6],[2,5],[3,5],[7,9],[9,5],[9,2],[2,10],[2,3],[3,11],[4,11],[4,5],[4,10]]
Ok: [[1,2],[3,4],[5,6],[7,8],[2,4],[6,8],[2,6],[2,5],[3,5],[7,9],[9,5],[9,2],[2,10],[2,3],[3,11],[4,11],[5,10],[4,5]]
Ok: [[1,2],[3,4],[5,6],[7,8],[2,4],[6,8],[2,6],[2,5],[3,5],[7,9],[9,5],[9,2],[2,10],[2,3],[3,11],[4,11],[5,10],[5,4]]
Ok: [[1,2],[3,4],[5,6],[7,8],[2,4],[6,8],[2,6],[2,5],[3,5],[7,9],[9,5],[9,2],[2,10],[2,3],[3,11],[4,11],[10,5],[4,10]]
Ok: [[1,2],[3,4],[5,6],[7,8],[2,4],[6,8],[2,6],[2,5],[3,5],[7,9],[9,5],[9,2],[2,10],[2,3],[3,11],[4,11],[4,10],[4,5]]
Ok: [[1,2],[3,4],[5,6],[7,8],[2,4],[6,8],[2,6],[2,5],[3,5],[7,9],[9,5],[9,2],[2,10],[2,3],[3,11],[4,11],[4,10],[5,4]]
Ok: [[1,2],[3,4],[5,6],[7,8],[2,4],[6,8],[2,6],[2,5],[3,5],[7,9],[9,5],[9,2],[2,10],[2,3],[3,11],[4,11],[10,4],[5,10]]
Ok: [[1,2],[3,4],[5,6],[7,8],[2,4],[6,8],[2,6],[2,5],[3,5],[7,9],[9,5],[9,2],[2,10],[2,3],[3,11],[10,11],[5,10],[4,5]]
Ok: [[1,2],[3,4],[5,6],[7,8],[2,4],[6,8],[2,6],[2,5],[3,5],[7,9],[9,5],[9,2],[2,10],[2,3],[3,11],[10,11],[5,10],[5,4]]
Ok: [[1,2],[3,4],[5,6],[7,8],[2,4],[6,8],[2,6],[2,5],[3,5],[7,9],[9,5],[9,2],[2,10],[2,3],[3,11],[10,11],[10,5],[4,10]]
Ok: [[1,2],[3,4],[5,6],[7,8],[2,4],[6,8],[2,6],[2,5],[3,5],[7,9],[9,5],[9,2],[2,10],[2,3],[3,11],[10,11],[4,5],[4,10]]
Ok: [[1,2],[3,4],[5,6],[7,8],[2,4],[6,8],[2,6],[2,5],[3,5],[7,9],[9,5],[9,2],[2,10],[2,3],[3,11],[10,11],[4,10],[4,5]]
Ok: [[1,2],[3,4],[5,6],[7,8],[2,4],[6,8],[2,6],[2,5],[3,5],[7,9],[9,5],[9,2],[2,10],[2,3],[3,11],[10,11],[4,10],[5,4]]
Ok: [[1,2],[3,4],[5,6],[7,8],[2,4],[6,8],[2,6],[2,5],[3,5],[7,9],[9,5],[9,2],[2,10],[2,3],[3,11],[10,11],[10,4],[5,10]]
Ok: [[1,2],[3,4],[5,6],[7,8],[2,4],[6,8],[2,6],[2,5],[3,5],[7,9],[9,5],[9,2],[2,10],[2,3],[5,10],[3,11],[4,5],[4,11]]
Ok: [[1,2],[3,4],[5,6],[7,8],[2,4],[6,8],[2,6],[2,5],[3,5],[7,9],[9,5],[9,2],[2,10],[2,3],[5,10],[3,11],[4,5],[11,4]]
Ok: [[1,2],[3,4],[5,6],[7,8],[2,4],[6,8],[2,6],[2,5],[3,5],[7,9],[9,5],[9,2],[2,10],[2,3],[5,10],[3,11],[5,4],[5,11]]
Ok: [[1,2],[3,4],[5,6],[7,8],[2,4],[6,8],[2,6],[2,5],[3,5],[7,9],[9,5],[9,2],[2,10],[2,3],[5,10],[3,11],[5,4],[11,5]]
Ok: [[1,2],[3,4],[5,6],[7,8],[2,4],[6,8],[2,6],[2,5],[3,5],[7,9],[9,5],[9,2],[2,10],[2,3],[5,10],[11,3]]
Ok: [[1,2],[3,4],[5,6],[7,8],[2,4],[6,8],[2,6],[2,5],[3,5],[7,9],[9,5],[9,2],[2,10],[2,3],[10,5],[3,10],[4,10],[4,11]]
Ok: [[1,2],[3,4],[5,6],[7,8],[2,4],[6,8],[2,6],[2,5],[3,5],[7,9],[9,5],[9,2],[2,10],[2,3],[10,5],[3,10],[10,11],[4,10]]
Ok: [[1,2],[3,4],[5,6],[7,8],[2,4],[6,8],[2,6],[2,5],[3,5],[7,9],[9,5],[9,2],[2,10],[2,3],[10,5],[3,10],[10,11],[10,4]]
Ok: [[1,2],[3,4],[5,6],[7,8],[2,4],[6,8],[2,6],[2,5],[3,5],[7,9],[9,5],[9,2],[2,10],[2,3],[10,5],[3,10],[11,10],[4,11]]
Ok: [[1,2],[3,4],[5,6],[7,8],[2,4],[6,8],[2,6],[2,5],[3,5],[7,9],[9,5],[9,2],[2,10],[2,3],[10,5],[3,10],[4,11],[4,10]]
Ok: [[1,2],[3,4],[5,6],[7,8],[2,4],[6,8],[2,6],[2,5],[3,5],[7,9],[9,5],[9,2],[2,10],[2,3],[10,5],[3,10],[4,11],[10,4]]
Ok: [[1,2],[3,4],[5,6],[7,8],[2,4],[6,8],[2,6],[2,5],[3,5],[7,9],[9,5],[9,2],[2,10],[2,3],[10,5],[3,10],[11,4],[10,11]]
Ok: [[1,2],[3,4],[5,6],[7,8],[2,4],[6,8],[2,6],[2,5],[3,5],[7,9],[9,5],[9,2],[2,10],[2,3],[10,5],[3,11],[4,10],[4,11]]
Ok: [[1,2],[3,4],[5,6],[7,8],[2,4],[6,8],[2,6],[2,5],[3,5],[7,9],[9,5],[9,2],[2,10],[2,3],[10,5],[3,11],[4,10],[11,4]]
Ok: [[1,2],[3,4],[5,6],[7,8],[2,4],[6,8],[2,6],[2,5],[3,5],[7,9],[9,5],[9,2],[2,10],[2,3],[10,5],[3,11],[10,11],[4,10]]
Ok: [[1,2],[3,4],[5,6],[7,8],[2,4],[6,8],[2,6],[2,5],[3,5],[7,9],[9,5],[9,2],[2,10],[2,3],[10,5],[3,11],[4,11],[4,10]]
Ok: [[1,2],[3,4],[5,6],[7,8],[2,4],[6,8],[2,6],[2,5],[3,5],[7,9],[9,5],[9,2],[2,10],[2,3],[10,5],[10,11],[3,10],[4,10]]
Ok: [[1,2],[3,4],[5,6],[7,8],[2,4],[6,8],[2,6],[2,5],[3,5],[7,9],[9,5],[9,2],[2,10],[2,3],[10,5],[10,11],[3,10],[10,4]]
Ok: [[1,2],[3,4],[5,6],[7,8],[2,4],[6,8],[2,6],[2,5],[3,5],[7,9],[9,5],[9,2],[2,10],[2,3],[10,5],[10,11],[10,3],[3,11]]
Ok: [[1,2],[3,4],[5,6],[7,8],[2,4],[6,8],[2,6],[2,5],[3,5],[7,9],[9,5],[9,2],[2,10],[2,3],[10,5],[10,11],[10,3],[11,3]]
Ok: [[1,2],[3,4],[5,6],[7,8],[2,4],[6,8],[2,6],[2,5],[3,5],[7,9],[9,5],[9,2],[2,10],[2,3],[10,5],[11,10],[3,10],[4,11]]
Ok: [[1,2],[3,4],[5,6],[7,8],[2,4],[6,8],[2,6],[2,5],[3,5],[7,9],[9,5],[9,2],[2,10],[2,3],[10,5],[11,10],[3,11],[4,11]]
Ok: [[1,2],[3,4],[5,6],[7,8],[2,4],[6,8],[2,6],[2,5],[3,5],[7,9],[9,5],[9,2],[2,10],[2,3],[10,5],[11,10],[3,11],[11,4]]
Ok: [[1,2],[3,4],[5,6],[7,8],[2,4],[6,8],[2,6],[2,5],[3,5],[7,9],[9,5],[9,2],[2,10],[2,3],[10,5],[11,10],[11,3],[3,10]]
Ok: [[1,2],[3,4],[5,6],[7,8],[2,4],[6,8],[2,6],[2,5],[3,5],[7,9],[9,5],[9,2],[2,10],[2,3],[10,5],[11,10],[11,3],[10,3]]
Ok: [[1,2],[3,4],[5,6],[7,8],[2,4],[6,8],[2,6],[2,5],[3,5],[7,9],[9,5],[9,2],[2,10],[3,2],[2,11],[4,5],[4,10],[4,11]]
Ok: [[1,2],[3,4],[5,6],[7,8],[2,4],[6,8],[2,6],[2,5],[3,5],[7,9],[9,5],[9,2],[2,10],[3,2],[2,11],[4,5],[4,10],[11,4]]
Ok: [[1,2],[3,4],[5,6],[7,8],[2,4],[6,8],[2,6],[2,5],[3,5],[7,9],[9,5],[9,2],[2,10],[3,2],[2,11],[4,5],[10,4],[10,11]]
Ok: [[1,2],[3,4],[5,6],[7,8],[2,4],[6,8],[2,6],[2,5],[3,5],[7,9],[9,5],[9,2],[2,10],[3,2],[2,11],[4,5],[10,4],[11,10]]
Ok: [[1,2],[3,4],[5,6],[7,8],[2,4],[6,8],[2,6],[2,5],[3,5],[7,9],[9,5],[9,2],[2,10],[3,2],[2,11],[5,4],[5,10],[5,11]]
Ok: [[1,2],[3,4],[5,6],[7,8],[2,4],[6,8],[2,6],[2,5],[3,5],[7,9],[9,5],[9,2],[2,10],[3,2],[2,11],[5,4],[5,10],[11,5]]
Ok: [[1,2],[3,4],[5,6],[7,8],[2,4],[6,8],[2,6],[2,5],[3,5],[7,9],[9,5],[9,2],[2,10],[3,2],[2,11],[5,4],[10,5],[10,11]]
Ok: [[1,2],[3,4],[5,6],[7,8],[2,4],[6,8],[2,6],[2,5],[3,5],[7,9],[9,5],[9,2],[2,10],[3,2],[2,11],[5,4],[10,5],[11,10]]
Ok: [[1,2],[3,4],[5,6],[7,8],[2,4],[6,8],[2,6],[2,5],[3,5],[7,9],[9,5],[9,2],[2,10],[3,2],[11,2]]
Ok: [[1,2],[3,4],[5,6],[7,8],[2,4],[6,8],[2,6],[2,5],[3,5],[7,9],[9,5],[9,2],[10,2],[2,3],[2,11],[3,11]]
Ok: [[1,2],[3,4],[5,6],[7,8],[2,4],[6,8],[2,6],[2,5],[3,5],[7,9],[9,5],[9,2],[10,2],[2,3],[2,11],[11,3]]
Ok: [[1,2],[3,4],[5,6],[7,8],[2,4],[6,8],[2,6],[2,5],[3,5],[7,9],[9,5],[9,2],[10,2],[2,3],[11,2]]
Ok: [[1,2],[3,4],[5,6],[7,8],[2,4],[6,8],[2,6],[2,5],[3,5],[7,9],[9,5],[9,2],[10,2],[3,2],[2,11]]
Ok: [[1,2],[3,4],[5,6],[7,8],[2,4],[6,8],[2,6],[2,5],[3,5],[7,9],[9,5],[9,2],[10,2],[3,2],[11,2],[1,10],[3,10],[10,11]]
Ok: [[1,2],[3,4],[5,6],[7,8],[2,4],[6,8],[2,6],[2,5],[3,5],[7,9],[9,5],[9,2],[10,2],[3,2],[11,2],[1,10],[3,10],[11,10]]
Ok: [[1,2],[3,4],[5,6],[7,8],[2,4],[6,8],[2,6],[2,5],[3,5],[7,9],[9,5],[9,2],[10,2],[3,2],[11,2],[1,10],[10,3],[3,11]]
Ok: [[1,2],[3,4],[5,6],[7,8],[2,4],[6,8],[2,6],[2,5],[3,5],[7,9],[9,5],[9,2],[10,2],[3,2],[11,2],[1,10],[10,3],[11,3]]
Ok: [[1,2],[3,4],[5,6],[7,8],[2,4],[6,8],[2,6],[2,5],[3,5],[7,9],[9,5],[9,2],[10,2],[3,2],[11,2],[10,1],[1,3],[3,11]]
Ok: [[1,2],[3,4],[5,6],[7,8],[2,4],[6,8],[2,6],[2,5],[3,5],[7,9],[9,5],[9,2],[10,2],[3,2],[11,2],[10,1],[1,3],[11,3]]
Ok: [[1,2],[3,4],[5,6],[7,8],[2,4],[6,8],[2,6],[2,5],[3,5],[7,9],[9,5],[9,2],[10,2],[3,2],[11,2],[10,1],[3,1],[1,11]]
Ok: [[1,2],[3,4],[5,6],[7,8],[2,4],[6,8],[2,6],[2,5],[3,5],[7,9],[9,5],[9,2],[10,2],[3,2],[11,2],[10,1],[3,1],[11,1]]
-------------------------------------------------------
-------------------------------------------------------
-------------------------------------------------------
-------------------------------------------------------
[[[1,2],[3,4],[5,6],[7,8],[2,4],[6,8],[2,6],[2,5],[3,5],[7,9],[5,9],[4,5],[5,7],[5,11],[6,7],[6,11]],[[1,2],[3,4],[5,6],[7,8],[2,4],[6,8],[2,6],[2,5],[3,5],[7,9],[5,9],[4,5],[5,7],[5,11],[6,7],[11,6]],[[1,2],[3,4],[5,6],[7,8],[2,4],[6,8],[2,6],[2,5],[3,5],[7,9],[5,9],[4,5],[5,7],[5,11],[7,6],[7,11]],[[1,2],[3,4],[5,6],[7,8],[2,4],[6,8],[2,6],[2,5],[3,5],[7,9],[5,9],[4,5],[5,7],[5,11],[7,6],[11,7]],[[1,2],[3,4],[5,6],[7,8],[2,4],[6,8],[2,6],[2,5],[3,5],[7,9],[5,9],[4,5],[5,7],[11,5]],[[1,2],[3,4],[5,6],[7,8],[2,4],[6,8],[2,6],[2,5],[3,5],[7,9],[5,9],[4,5],[7,5],[5,11]],[[1,2],[3,4],[5,6],[7,8],[2,4],[6,8],[2,6],[2,5],[3,5],[7,9],[5,9],[4,5],[7,5],[11,5],[4,7],[7,11]],[[1,2],[3,4],[5,6],[7,8],[2,4],[6,8],[2,6],[2,5],[3,5],[7,9],[5,9],[4,5],[7,5],[11,5],[4,7],[11,7]],[[1,2],[3,4],[5,6],[7,8],[2,4],[6,8],[2,6],[2,5],[3,5],[7,9],[5,9],[4,5],[7,5],[11,5],[7,4],[4,11]],[[1,2],[3,4],[5,6],[7,8],[2,4],[6,8],[2,6],[2,5],[3,5],[7,9],[5,9],[4,5],[7,5],[11,5],[7,4],[11,4]],[[1,2],[3,4],[5,6],[7,8],[2,4],[6,8],[2,6],[2,5],[3,5],[7,9],[5,9],[5,4],[5,7],[6,7],[4,6],[4,11],[6,11]],[[1,2],[3,4],[5,6],[7,8],[2,4],[6,8],[2,6],[2,5],[3,5],[7,9],[5,9],[5,4],[5,7],[6,7],[4,6],[4,11],[11,6]],[[1,2],[3,4],[5,6],[7,8],[2,4],[6,8],[2,6],[2,5],[3,5],[7,9],[5,9],[5,4],[5,7],[6,7],[4,6],[11,4]],[[1,2],[3,4],[5,6],[7,8],[2,4],[6,8],[2,6],[2,5],[3,5],[7,9],[5,9],[5,4],[5,7],[6,7],[6,4],[6,11],[4,7],[4,11]],[[1,2],[3,4],[5,6],[7,8],[2,4],[6,8],[2,6],[2,5],[3,5],[7,9],[5,9],[5,4],[5,7],[6,7],[6,4],[6,11],[4,7],[11,4]],[[1,2],[3,4],[5,6],[7,8],[2,4],[6,8],[2,6],[2,5],[3,5],[7,9],[5,9],[5,4],[5,7],[6,7],[6,4],[6,11],[7,4],[7,11]],[[1,2],[3,4],[5,6],[7,8],[2,4],[6,8],[2,6],[2,5],[3,5],[7,9],[5,9],[5,4],[5,7],[6,7],[6,4],[6,11],[7,4],[11,7]],[[1,2],[3,4],[5,6],[7,8],[2,4],[6,8],[2,6],[2,5],[3,5],[7,9],[5,9],[5,4],[5,7],[6,7],[6,4],[11,6]],[[1,2],[3,4],[5,6],[7,8],[2,4],[6,8],[2,6],[2,5],[3,5],[7,9],[5,9],[5,4],[5,7],[7,6],[4,6],[4,11],[4,7],[7,11]],[[1,2],[3,4],[5,6],[7,8],[2,4],[6,8],[2,6],[2,5],[3,5],[7,9],[5,9],[5,4],[5,7],[7,6],[4,6],[4,11],[4,7],[11,7]],[[1,2],[3,4],[5,6],[7,8],[2,4],[6,8],[2,6],[2,5],[3,5],[7,9],[5,9],[5,4],[5,7],[7,6],[4,6],[4,11],[7,4],[4,9]],[[1,2],[3,4],[5,6],[7,8],[2,4],[6,8],[2,6],[2,5],[3,5],[7,9],[5,9],[5,4],[5,7],[7,6],[4,6],[4,11],[7,4],[9,4]],[[1,2],[3,4],[5,6],[7,8],[2,4],[6,8],[2,6],[2,5],[3,5],[7,9],[5,9],[5,4],[5,7],[7,6],[4,6],[11,4],[7,11],[9,11]],[[1,2],[3,4],[5,6],[7,8],[2,4],[6,8],[2,6],[2,5],[3,5],[7,9],[5,9],[5,4],[5,7],[7,6],[4,6],[11,4],[7,11],[11,9]],[[1,2],[3,4],[5,6],[7,8],[2,4],[6,8],[2,6],[2,5],[3,5],[7,9],[5,9],[5,4],[5,7],[7,6],[4,6],[11,4],[11,7],[4,7]],[[1,2],[3,4],[5,6],[7,8],[2,4],[6,8],[2,6],[2,5],[3,5],[7,9],[5,9],[5,4],[5,7],[7,6],[4,6],[11,4],[11,7],[7,4]],[[1,2],[3,4],[5,6],[7,8],[2,4],[6,8],[2,6],[2,5],[3,5],[7,9],[5,9],[5,4],[5,7],[7,6],[6,4],[7,11],[6,9],[6,11]],[[1,2],[3,4],[5,6],[7,8],[2,4],[6,8],[2,6],[2,5],[3,5],[7,9],[5,9],[5,4],[5,7],[7,6],[6,4],[7,11],[6,9],[11,6]],[[1,2],[3,4],[5,6],[7,8],[2,4],[6,8],[2,6],[2,5],[3,5],[7,9],[5,9],[5,4],[5,7],[7,6],[6,4],[7,11],[9,6],[9,11]],[[1,2],[3,4],[5,6],[7,8],[2,4],[6,8],[2,6],[2,5],[3,5],[7,9],[5,9],[5,4],[5,7],[7,6],[6,4],[7,11],[9,6],[11,9]],[[1,2],[3,4],[5,6],[7,8],[2,4],[6,8],[2,6],[2,5],[3,5],[7,9],[5,9],[5,4],[5,7],[7,6],[6,4],[11,7]],[[1,2],[3,4],[5,6],[7,8],[2,4],[6,8],[2,6],[2,5],[3,5],[7,9],[5,9],[5,4],[7,5],[5,11],[6,9],[4,6],[4,11]],[[1,2],[3,4],[5,6],[7,8],[2,4],[6,8],[2,6],[2,5],[3,5],[7,9],[5,9],[5,4],[7,5],[5,11],[6,9],[4,6],[11,4]],[[1,2],[3,4],[5,6],[7,8],[2,4],[6,8],[2,6],[2,5],[3,5],[7,9],[5,9],[5,4],[7,5],[5,11],[6,9],[6,4],[6,11]],[[1,2],[3,4],[5,6],[7,8],[2,4],[6,8],[2,6],[2,5],[3,5],[7,9],[5,9],[5,4],[7,5],[5,11],[6,9],[6,4],[11,6]],[[1,2],[3,4],[5,6],[7,8],[2,4],[6,8],[2,6],[2,5],[3,5],[7,9],[5,9],[5,4],[7,5],[5,11],[9,6],[4,9],[4,11]],[[1,2],[3,4],[5,6],[7,8],[2,4],[6,8],[2,6],[2,5],[3,5],[7,9],[5,9],[5,4],[7,5],[5,11],[9,6],[4,9],[11,4]],[[1,2],[3,4],[5,6],[7,8],[2,4],[6,8],[2,6],[2,5],[3,5],[7,9],[5,9],[5,4],[7,5],[5,11],[9,6],[9,4],[9,11]],[[1,2],[3,4],[5,6],[7,8],[2,4],[6,8],[2,6],[2,5],[3,5],[7,9],[5,9],[5,4],[7,5],[5,11],[9,6],[9,4],[11,9]],[[1,2],[3,4],[5,6],[7,8],[2,4],[6,8],[2,6],[2,5],[3,5],[7,9],[5,9],[5,4],[7,5],[11,5]],[[1,2],[3,4],[5,6],[7,8],[2,4],[6,8],[2,6],[2,5],[3,5],[7,9],[9,5],[2,9],[4,9],[9,11]],[[1,2],[3,4],[5,6],[7,8],[2,4],[6,8],[2,6],[2,5],[3,5],[7,9],[9,5],[2,9],[4,9],[11,9],[4,7],[7,11]],[[1,2],[3,4],[5,6],[7,8],[2,4],[6,8],[2,6],[2,5],[3,5],[7,9],[9,5],[2,9],[4,9],[11,9],[4,7],[11,7]],[[1,2],[3,4],[5,6],[7,8],[2,4],[6,8],[2,6],[2,5],[3,5],[7,9],[9,5],[2,9],[4,9],[11,9],[7,4],[4,11]],[[1,2],[3,4],[5,6],[7,8],[2,4],[6,8],[2,6],[2,5],[3,5],[7,9],[9,5],[2,9],[4,9],[11,9],[7,4],[11,4]],[[1,2],[3,4],[5,6],[7,8],[2,4],[6,8],[2,6],[2,5],[3,5],[7,9],[9,5],[2,9],[9,4],[3,9],[9,11],[4,5],[4,10],[4,11]],[[1,2],[3,4],[5,6],[7,8],[2,4],[6,8],[2,6],[2,5],[3,5],[7,9],[9,5],[2,9],[9,4],[3,9],[9,11],[4,5],[4,10],[11,4]],[[1,2],[3,4],[5,6],[7,8],[2,4],[6,8],[2,6],[2,5],[3,5],[7,9],[9,5],[2,9],[9,4],[3,9],[9,11],[4,5],[10,4],[10,11]],[[1,2],[3,4],[5,6],[7,8],[2,4],[6,8],[2,6],[2,5],[3,5],[7,9],[9,5],[2,9],[9,4],[3,9],[9,11],[4,5],[10,4],[11,10]],[[1,2],[3,4],[5,6],[7,8],[2,4],[6,8],[2,6],[2,5],[3,5],[7,9],[9,5],[2,9],[9,4],[3,9],[9,11],[5,4],[5,10],[5,11]],[[1,2],[3,4],[5,6],[7,8],[2,4],[6,8],[2,6],[2,5],[3,5],[7,9],[9,5],[2,9],[9,4],[3,9],[9,11],[5,4],[5,10],[11,5]],[[1,2],[3,4],[5,6],[7,8],[2,4],[6,8],[2,6],[2,5],[3,5],[7,9],[9,5],[2,9],[9,4],[3,9],[9,11],[5,4],[10,5],[10,11]],[[1,2],[3,4],[5,6],[7,8],[2,4],[6,8],[2,6],[2,5],[3,5],[7,9],[9,5],[2,9],[9,4],[3,9],[9,11],[5,4],[10,5],[11,10]],[[1,2],[3,4],[5,6],[7,8],[2,4],[6,8],[2,6],[2,5],[3,5],[7,9],[9,5],[2,9],[9,4],[3,9],[11,9]],[[1,2],[3,4],[5,6],[7,8],[2,4],[6,8],[2,6],[2,5],[3,5],[7,9],[9,5],[2,9],[9,4],[9,3],[5,10],[3,11],[4,5],[4,11]],[[1,2],[3,4],[5,6],[7,8],[2,4],[6,8],[2,6],[2,5],[3,5],[7,9],[9,5],[2,9],[9,4],[9,3],[5,10],[3,11],[4,5],[11,4]],[[1,2],[3,4],[5,6],[7,8],[2,4],[6,8],[2,6],[2,5],[3,5],[7,9],[9,5],[2,9],[9,4],[9,3],[5,10],[3,11],[5,4],[5,11]],[[1,2],[3,4],[5,6],[7,8],[2,4],[6,8],[2,6],[2,5],[3,5],[7,9],[9,5],[2,9],[9,4],[9,3],[5,10],[3,11],[5,4],[11,5]],[[1,2],[3,4],[5,6],[7,8],[2,4],[6,8],[2,6],[2,5],[3,5],[7,9],[9,5],[2,9],[9,4],[9,3],[5,10],[11,3]],[[1,2],[3,4],[5,6],[7,8],[2,4],[6,8],[2,6],[2,5],[3,5],[7,9],[9,5],[2,9],[9,4],[9,3],[10,5],[10,11],[3,10],[4,10]],[[1,2],[3,4],[5,6],[7,8],[2,4],[6,8],[2,6],[2,5],[3,5],[7,9],[9,5],[2,9],[9,4],[9,3],[10,5],[10,11],[3,10],[10,4]],[[1,2],[3,4],[5,6],[7,8],[2,4],[6,8],[2,6],[2,5],[3,5],[7,9],[9,5],[2,9],[9,4],[9,3],[10,5],[10,11],[10,3],[3,11]],[[1,2],[3,4],[5,6],[7,8],[2,4],[6,8],[2,6],[2,5],[3,5],[7,9],[9,5],[2,9],[9,4],[9,3],[10,5],[10,11],[10,3],[11,3]],[[1,2],[3,4],[5,6],[7,8],[2,4],[6,8],[2,6],[2,5],[3,5],[7,9],[9,5],[2,9],[9,4],[9,3],[10,5],[11,10],[3,11],[4,11]],[[1,2],[3,4],[5,6],[7,8],[2,4],[6,8],[2,6],[2,5],[3,5],[7,9],[9,5],[2,9],[9,4],[9,3],[10,5],[11,10],[3,11],[11,4]],[[1,2],[3,4],[5,6],[7,8],[2,4],[6,8],[2,6],[2,5],[3,5],[7,9],[9,5],[2,9],[9,4],[9,3],[10,5],[11,10],[11,3],[3,10]],[[1,2],[3,4],[5,6],[7,8],[2,4],[6,8],[2,6],[2,5],[3,5],[7,9],[9,5],[2,9],[9,4],[9,3],[10,5],[11,10],[11,3],[10,3]],[[1,2],[3,4],[5,6],[7,8],[2,4],[6,8],[2,6],[2,5],[3,5],[7,9],[9,5],[9,2],[2,10],[2,3],[5,10],[3,11],[4,5],[4,11]],[[1,2],[3,4],[5,6],[7,8],[2,4],[6,8],[2,6],[2,5],[3,5],[7,9],[9,5],[9,2],[2,10],[2,3],[5,10],[3,11],[4,5],[11,4]],[[1,2],[3,4],[5,6],[7,8],[2,4],[6,8],[2,6],[2,5],[3,5],[7,9],[9,5],[9,2],[2,10],[2,3],[5,10],[3,11],[5,4],[5,11]],[[1,2],[3,4],[5,6],[7,8],[2,4],[6,8],[2,6],[2,5],[3,5],[7,9],[9,5],[9,2],[2,10],[2,3],[5,10],[3,11],[5,4],[11,5]],[[1,2],[3,4],[5,6],[7,8],[2,4],[6,8],[2,6],[2,5],[3,5],[7,9],[9,5],[9,2],[2,10],[2,3],[5,10],[11,3]],[[1,2],[3,4],[5,6],[7,8],[2,4],[6,8],[2,6],[2,5],[3,5],[7,9],[9,5],[9,2],[2,10],[2,3],[10,5],[10,11],[3,10],[4,10]],[[1,2],[3,4],[5,6],[7,8],[2,4],[6,8],[2,6],[2,5],[3,5],[7,9],[9,5],[9,2],[2,10],[2,3],[10,5],[10,11],[3,10],[10,4]],[[1,2],[3,4],[5,6],[7,8],[2,4],[6,8],[2,6],[2,5],[3,5],[7,9],[9,5],[9,2],[2,10],[2,3],[10,5],[10,11],[10,3],[3,11]],[[1,2],[3,4],[5,6],[7,8],[2,4],[6,8],[2,6],[2,5],[3,5],[7,9],[9,5],[9,2],[2,10],[2,3],[10,5],[10,11],[10,3],[11,3]],[[1,2],[3,4],[5,6],[7,8],[2,4],[6,8],[2,6],[2,5],[3,5],[7,9],[9,5],[9,2],[2,10],[2,3],[10,5],[11,10],[3,11],[4,11]],[[1,2],[3,4],[5,6],[7,8],[2,4],[6,8],[2,6],[2,5],[3,5],[7,9],[9,5],[9,2],[2,10],[2,3],[10,5],[11,10],[3,11],[11,4]],[[1,2],[3,4],[5,6],[7,8],[2,4],[6,8],[2,6],[2,5],[3,5],[7,9],[9,5],[9,2],[2,10],[2,3],[10,5],[11,10],[11,3],[3,10]],[[1,2],[3,4],[5,6],[7,8],[2,4],[6,8],[2,6],[2,5],[3,5],[7,9],[9,5],[9,2],[2,10],[2,3],[10,5],[11,10],[11,3],[10,3]],[[1,2],[3,4],[5,6],[7,8],[2,4],[6,8],[2,6],[2,5],[3,5],[7,9],[9,5],[9,2],[2,10],[3,2],[2,11],[4,5],[4,10],[4,11]],[[1,2],[3,4],[5,6],[7,8],[2,4],[6,8],[2,6],[2,5],[3,5],[7,9],[9,5],[9,2],[2,10],[3,2],[2,11],[4,5],[4,10],[11,4]],[[1,2],[3,4],[5,6],[7,8],[2,4],[6,8],[2,6],[2,5],[3,5],[7,9],[9,5],[9,2],[2,10],[3,2],[2,11],[4,5],[10,4],[10,11]],[[1,2],[3,4],[5,6],[7,8],[2,4],[6,8],[2,6],[2,5],[3,5],[7,9],[9,5],[9,2],[2,10],[3,2],[2,11],[4,5],[10,4],[11,10]],[[1,2],[3,4],[5,6],[7,8],[2,4],[6,8],[2,6],[2,5],[3,5],[7,9],[9,5],[9,2],[2,10],[3,2],[2,11],[5,4],[5,10],[5,11]],[[1,2],[3,4],[5,6],[7,8],[2,4],[6,8],[2,6],[2,5],[3,5],[7,9],[9,5],[9,2],[2,10],[3,2],[2,11],[5,4],[5,10],[11,5]],[[1,2],[3,4],[5,6],[7,8],[2,4],[6,8],[2,6],[2,5],[3,5],[7,9],[9,5],[9,2],[2,10],[3,2],[2,11],[5,4],[10,5],[10,11]],[[1,2],[3,4],[5,6],[7,8],[2,4],[6,8],[2,6],[2,5],[3,5],[7,9],[9,5],[9,2],[2,10],[3,2],[2,11],[5,4],[10,5],[11,10]],[[1,2],[3,4],[5,6],[7,8],[2,4],[6,8],[2,6],[2,5],[3,5],[7,9],[9,5],[9,2],[2,10],[3,2],[11,2]],[[1,2],[3,4],[5,6],[7,8],[2,4],[6,8],[2,6],[2,5],[3,5],[7,9],[9,5],[9,2],[10,2],[2,3],[2,11],[3,11]],[[1,2],[3,4],[5,6],[7,8],[2,4],[6,8],[2,6],[2,5],[3,5],[7,9],[9,5],[9,2],[10,2],[2,3],[2,11],[11,3]],[[1,2],[3,4],[5,6],[7,8],[2,4],[6,8],[2,6],[2,5],[3,5],[7,9],[9,5],[9,2],[10,2],[2,3],[11,2]],[[1,2],[3,4],[5,6],[7,8],[2,4],[6,8],[2,6],[2,5],[3,5],[7,9],[9,5],[9,2],[10,2],[3,2],[2,11]],[[1,2],[3,4],[5,6],[7,8],[2,4],[6,8],[2,6],[2,5],[3,5],[7,9],[9,5],[9,2],[10,2],[3,2],[11,2],[1,10],[3,10],[10,11]],[[1,2],[3,4],[5,6],[7,8],[2,4],[6,8],[2,6],[2,5],[3,5],[7,9],[9,5],[9,2],[10,2],[3,2],[11,2],[1,10],[3,10],[11,10]],[[1,2],[3,4],[5,6],[7,8],[2,4],[6,8],[2,6],[2,5],[3,5],[7,9],[9,5],[9,2],[10,2],[3,2],[11,2],[1,10],[10,3],[3,11]],[[1,2],[3,4],[5,6],[7,8],[2,4],[6,8],[2,6],[2,5],[3,5],[7,9],[9,5],[9,2],[10,2],[3,2],[11,2],[1,10],[10,3],[11,3]],[[1,2],[3,4],[5,6],[7,8],[2,4],[6,8],[2,6],[2,5],[3,5],[7,9],[9,5],[9,2],[10,2],[3,2],[11,2],[10,1],[1,3],[3,11]],[[1,2],[3,4],[5,6],[7,8],[2,4],[6,8],[2,6],[2,5],[3,5],[7,9],[9,5],[9,2],[10,2],[3,2],[11,2],[10,1],[1,3],[11,3]],[[1,2],[3,4],[5,6],[7,8],[2,4],[6,8],[2,6],[2,5],[3,5],[7,9],[9,5],[9,2],[10,2],[3,2],[11,2],[10,1],[3,1],[1,11]],[[1,2],[3,4],[5,6],[7,8],[2,4],[6,8],[2,6],[2,5],[3,5],[7,9],[9,5],[9,2],[10,2],[3,2],[11,2],[10,1],[3,1],[11,1]]]
