 Level 0 - Processing V6(10)_[[1,2],[3,4],[5,6],[8,9],[2,4],[6,9],[6,2],[7,10]]
 Level 0 - Pair [5,10] ???
     Level 1 - Processing V5(9)_[[1,2],[3,4],[7,8],[2,4],[5,8],[5,2],[6,9]]
     Level 1 - Pair [1,9] ???
         Level 2 - Processing V5(8)_[[1,2],[6,7],[4,7],[4,2],[5,8],[1,8]]
         Level 2 - Pair [7,8] ???
             OK      -- Level 3 - Pair: [7,8] -- V5(7)_[[1,2],[5,6],[4,7],[1,7],[6,7]] ... [[0,[3,4]],[1,[2,4]],[2,[2,3]],[3,[4,6]],[4,[4,5]],[4,[3,6]],[3,[4,6]],[4,[4,5]],[4,[2,6]],[2,[1,4]],[3,[2,6]],[4,[2,5]],[4,[4,6]],[3,[2,6]],[4,[2,5]],[4,[1,6]],[1,[2,3]],[2,[2,6]],[3,[3,6]],[4,[3,5]],[4,[4,6]],[3,[2,4]],[4,[]],[4,[2,7]],[2,[3,6]],[3,[2,6]],[4,[2,5]],[4,[1,6]],[3,[1,3]],[4,[3,7]],[4,[]]]
         Level 2 - Pair [8,7] ???
             OK      -- Level 3 - Pair: [8,7] -- V5(7)_[[1,2],[5,6],[4,7],[1,7],[7,6]] ... [[0,[2,3]],[1,[2,5]],[2,[3,5]],[3,[5,7]],[4,[4,5]],[4,[3,7]],[3,[3,7]],[4,[3,4]],[4,[5,7]],[2,[2,4]],[3,[3,4]],[4,[]],[4,[3,7]],[3,[2,7]],[4,[3,7]],[4,[2,6]],[1,[2,5]],[2,[2,4]],[3,[4,5]],[4,[5,7]],[4,[]],[3,[2,7]],[4,[5,7]],[4,[]],[2,[3,7]],[3,[2,7]],[4,[2,4]],[4,[5,7]],[3,[3,5]],[4,[]],[4,[3,6]]]
     Level 1 - Pair [1,9] OK ***************
     Level 1 - Pair [9,1] ???
         OK      -- Level 2 - Pair: [9,1] -- V4(6)_[[4,5],[3,6],[6,1]] ... [[0,[1,2]],[1,[1,4]],[2,[2,4]],[3,[]],[4,[]],[4,[]],[3,[]],[4,[]],[4,[]],[2,[1,5]],[3,[]],[4,[]],[4,[]],[3,[5,6]],[4,[]],[4,[]],[1,[2,4]],[2,[1,4]],[3,[]],[4,[]],[4,[]],[3,[5,6]],[4,[3,5]],[4,[4,6]],[2,[2,5]],[3,[5,6]],[4,[3,5]],[4,[2,6]],[3,[2,6]],[4,[2,3]],[4,[5,6]]]
 Level 0 - Pair [5,10] OK ***************
 Level 0 - Pair [10,5] ???
     OK      -- Level 1 - Pair: [10,5] -- V4(7)_[[1,2],[4,5],[6,7],[5,7],[5,2]] ... [[0,[1,3]],[1,[5,6]],[2,[3,6]],[3,[2,3]],[4,[]],[4,[3,5]],[3,[1,6]],[4,[2,6]],[4,[1,7]],[2,[3,5]],[3,[3,4]],[4,[4,6]],[4,[3,6]],[3,[1,5]],[4,[]],[4,[1,7]],[1,[1,5]],[2,[1,4]],[3,[4,6]],[4,[5,6]],[4,[]],[3,[1,6]],[4,[5,6]],[4,[]],[2,[3,5]],[3,[1,6]],[4,[]],[4,[5,6]],[3,[3,6]],[4,[1,6]],[4,[3,7]]]
