 Level 0 - Processing V6(10)_[[1,2],[3,4],[5,6],[8,9],[2,4],[6,9],[6,2],[7,10],[7,1]]
 Level 0 - Pair [1,8] ???
     Level 1 - Processing V5(8)_[[1,2],[4,5],[6,7],[5,7],[5,2],[1,6]]
     Level 1 - Pair [3,6] ???
         OK      -- Level 2 - Pair: [3,6] -- V5(7)_[[1,2],[4,5],[5,2],[1,6],[3,6]] ... [[0,[2,6]],[1,[1,3]],[2,[3,7]],[3,[2,7]],[4,[2,3]],[4,[5,7]],[3,[2,3]],[4,[2,7]],[4,[3,5]],[2,[1,5]],[3,[2,7]],[4,[]],[4,[5,7]],[3,[1,7]],[4,[2,7]],[4,[]],[1,[5,7]],[2,[1,3]],[3,[6,7]],[4,[5,6]],[4,[3,7]],[3,[6,7]],[4,[5,6]],[4,[1,7]],[2,[5,6]],[3,[1,3]],[4,[3,5]],[4,[1,5]],[3,[4,6]],[4,[6,7]],[4,[4,7]]]
     Level 1 - Pair [6,3] ???
         OK      -- Level 2 - Pair: [6,3] -- V4(7)_[[3,4],[5,6],[4,6],[4,1],[5,2]] ... [[0,[1,2]],[1,[1,6]],[2,[5,7]],[3,[1,7]],[4,[1,5]],[4,[4,7]],[3,[1,5]],[4,[1,7]],[4,[4,5]],[2,[4,5]],[3,[5,7]],[4,[6,7]],[4,[]],[3,[4,7]],[4,[6,7]],[4,[]],[1,[2,7]],[2,[2,3]],[3,[3,7]],[4,[4,7]],[4,[]],[3,[2,4]],[4,[4,7]],[4,[2,6]],[2,[4,7]],[3,[5,7]],[4,[6,7]],[4,[]],[3,[2,4]],[4,[2,3]],[4,[4,5]]]
 Level 0 - Pair [1,8] OK ***************


 Level 0 - Pair [8,1] ???
     Level 1 - Processing V6(9)_[[1,2],[4,5],[7,8],[5,8],[5,2],[6,9],[6,1],[7,1]]
     Level 1 - Pair [3,9] ???
         Level 2 - Processing V6(9)_[[1,2],[4,5],[7,8],[5,8],[5,2],[6,9],[6,1],[7,1],[3,9]]
         Level 2 - Pair [3,5] ???
             OK      -- Level 3 - Pair: [3,5] -- V5(7)_[[2,3],[5,6],[3,6],[4,7],[4,1],[5,1]] ... [[0,[1,7]],[1,[1,3]],[2,[2,7]],[3,[3,7]],[3,[]],[2,[1,6]],[3,[]],[3,[4,6]],[1,[3,7]],[2,[6,7]],[3,[4,6]],[3,[5,7]],[2,[1,3]],[3,[1,2]],[3,[3,5]]]
         Level 2 - Pair [5,3] ???
             OK      -- Level 3 - Pair: [5,3] -- V4(7)_[[1,2],[5,6],[4,7],[4,1],[5,1],[3,7]] ... [[0,[1,6]],[1,[1,3]],[2,[2,3]],[3,[2,6]],[3,[3,6]],[2,[1,7]],[3,[]],[3,[5,7]],[1,[3,6]],[2,[6,7]],[3,[4,6]],[3,[5,7]],[2,[1,3]],[3,[]],[3,[3,4]]]
     Level 1 - Pair [3,9] OK ***************
     Level 1 - Pair [9,3] ???
         Level 2 - Processing V5(8)_[[1,2],[4,5],[6,7],[5,7],[5,2],[6,1],[8,3]]
         Level 2 - Pair [1,3] ???
             OK      -- Level 3 - Pair: [1,3] -- V4(7)_[[1,2],[4,5],[5,6],[5,2],[7,3],[1,3]] ... [[0,[1,5]],[1,[5,7]],[2,[2,6]],[3,[2,7]],[3,[6,7]],[2,[3,4]],[3,[]],[3,[3,5]],[1,[6,7]],[2,[1,6]],[3,[2,6]],[3,[1,7]],[2,[1,7]],[3,[2,7]],[3,[1,6]]]
         Level 2 - Pair [3,1] ???
             OK      -- Level 3 - Pair: [3,1] -- V5(7)_[[3,4],[5,6],[4,6],[5,1],[7,2],[2,1]] ... [[0,[1,3]],[1,[]],[2,[]],[3,[]],[3,[]],[2,[]],[3,[]],[3,[]],[1,[2,4]],[2,[1,4]],[3,[]],[3,[4,5]],[2,[2,6]],[3,[2,5]],[3,[6,7]]]
     Level 1 - Pair [9,3] OK ***************
 Level 0 - Pair [8,1] OK ***************
