level                       9
n                           7
JSON.stringify(values)      "[[4,2,1,3,6,5,7],[4,2,1,3,6,7,5],[4,2,1,3,7,6,5],[4,2,1,6,3,5,7],[4,2,1,6,3,7,5],[4,2,1,6,5,3,7],[4,2,1,6,5,7,3],[4,2,1,6,7,3,5],[4,2,1,6,7,5,3],[4,2,1,7,3,6,5],[4,2,1,7,6,3,5],[4,2,1,7,6,5,3],[4,2,3,1,6,5,7],[4,2,3,1,6,7,5],[4,2,3,1,7,6,5],[4,2,3,6,1,5,7],[4,2,3,6,1,7,5],[4,2,3,6,7,1,5],[4,2,3,7,1,6,5],[4,2,3,7,6,1,5],[4,2,6,1,3,5,7],[4,2,6,1,3,7,5],[4,2,6,1,5,3,7],[4,2,6,1,5,7,3],[4,2,6,1,7,3,5],[4,2,6,1,7,5,3],[4,2,6,3,1,5,7],[4,2,6,3,1,7,5],[4,2,6,3,7,1,5],[4,2,6,7,1,3,5],[4,2,6,7,1,5,3],[4,2,6,7,3,1,5],[4,2,7,1,3,6,5],[4,2,7,1,6,3,5],[4,2,7,1,6,5,3],[4,2,7,3,1,6,5],[4,2,7,3,6,1,5],[4,2,7,6,1,3,5],[4,2,7,6,1,5,3],[4,2,7,6,3,1,5],[4,7,2,1,3,6,5],[4,7,2,1,6,3,5],[4,7,2,1,6,5,3],[4,7,2,3,1,6,5],[4,7,2,3,6,1,5],[4,7,2,6,1,3,5],[4,7,2,6,1,5,3],[4,7,2,6,3,1,5],[7,4,2,1,3,6,5],[7,4,2,1,6,3,5],[7,4,2,1,6,5,3],[7,4,2,3,1,6,5],[7,4,2,3,6,1,5],[7,4,2,6,1,3,5],[7,4,2,6,1,5,3],[7,4,2,6,3,1,5]]"
JSON.stringify(pairs)       "[[1,2],[3,4],[2,4],[5,6],[2,6],[3,5],[2,7],[5,7],[4,5],[1,3],[1,4],[1,5],[1,6],[1,7],[2,3],[2,5],[3,6],[3,7],[4,6],[4,7],[6,7]]"
JSON.stringify(used_par)    "[true,true,true,true,true,false,false,false,true,false,false,true,false,false,true,true,false,false,false,false,false]"
cmp_n                       10
cmp_max                     10
level                       9
JSON.stringify(nodes)       "[]"
JSON.stringify(used)        "[true,true,true,true,true,false,false,false,true,false,false,true,false,false,true,true,false,false,false,true,false]"
first_not_used_min          5
first_not_used              19
__try                       574300000


-----------------------------------------------------

level                       8
n                           7
JSON.stringify(values)      "[[4,2,1,3,6,5,7],[4,2,1,3,6,7,5],[4,2,1,3,7,6,5],[4,2,1,6,3,5,7],[4,2,1,6,3,7,5],[4,2,1,6,5,3,7],[4,2,1,6,5,7,3],[4,2,1,6,7,3,5],[4,2,1,6,7,5,3],[4,2,1,7,3,6,5],[4,2,1,7,6,3,5],[4,2,1,7,6,5,3],[4,2,3,1,6,5,7],[4,2,3,1,6,7,5],[4,2,3,1,7,6,5],[4,2,3,6,1,5,7],[4,2,3,6,1,7,5],[4,2,3,6,5,1,7],[4,2,3,6,5,7,1],[4,2,3,6,7,1,5],[4,2,3,6,7,5,1],[4,2,3,7,1,6,5],[4,2,3,7,6,1,5],[4,2,3,7,6,5,1],[4,2,6,1,3,5,7],[4,2,6,1,3,7,5],[4,2,6,1,5,3,7],[4,2,6,1,5,7,3],[4,2,6,1,7,3,5],[4,2,6,1,7,5,3],[4,2,6,3,1,5,7],[4,2,6,3,1,7,5],[4,2,6,3,5,1,7],[4,2,6,3,5,7,1],[4,2,6,3,7,1,5],[4,2,6,3,7,5,1],[4,2,6,5,1,3,7],[4,2,6,5,1,7,3],[4,2,6,5,3,1,7],[4,2,6,5,3,7,1],[4,2,6,5,7,1,3],[4,2,6,5,7,3,1],[4,2,6,7,1,3,5],[4,2,6,7,1,5,3],[4,2,6,7,3,1,5],[4,2,6,7,3,5,1],[4,2,6,7,5,1,3],[4,2,6,7,5,3,1],[4,2,7,1,3,6,5],[4,2,7,1,6,3,5],[4,2,7,1,6,5,3],[4,2,7,3,1,6,5],[4,2,7,3,6,1,5],[4,2,7,3,6,5,1],[4,2,7,6,1,3,5],[4,2,7,6,1,5,3],[4,2,7,6,3,1,5],[4,2,7,6,3,5,1],[4,2,7,6,5,1,3],[4,2,7,6,5,3,1],[4,7,2,1,3,6,5],[4,7,2,1,6,3,5],[4,7,2,1,6,5,3],[4,7,2,3,1,6,5],[4,7,2,3,6,1,5],[4,7,2,3,6,5,1],[4,7,2,6,1,3,5],[4,7,2,6,1,5,3],[4,7,2,6,3,1,5],[4,7,2,6,3,5,1],[4,7,2,6,5,1,3],[4,7,2,6,5,3,1],[7,4,2,1,3,6,5],[7,4,2,1,6,3,5],[7,4,2,1,6,5,3],[7,4,2,3,1,6,5],[7,4,2,3,6,1,5],[7,4,2,3,6,5,1],[7,4,2,6,1,3,5],[7,4,2,6,1,5,3],[7,4,2,6,3,1,5],[7,4,2,6,3,5,1],[7,4,2,6,5,1,3],[7,4,2,6,5,3,1]]"
JSON.stringify(pairs)       "[[1,2],[3,4],[2,4],[5,6],[2,6],[3,5],[2,7],[5,7],[4,5],[1,3],[1,4],[1,5],[1,6],[1,7],[2,3],[2,5],[3,6],[3,7],[4,6],[4,7],[6,7]]"
JSON.stringify(used_par)    "[true,true,true,true,true,false,false,false,true,false,false,false,false,false,true,true,false,false,false,false,false]"
cmp_n                       9
cmp_max                     10
JSON.stringify(nodes)       "[]"
JSON.stringify(used)        "[true,true,true,true,true,false,false,false,true,false,false,true,false,false,true,true,false,false,false,false,false]"
first_not_used_min          5
first_not_used              11
__try                       574300001

-----------------------------------------------------


level                       7
n                           7
JSON.stringify(values)      "[[4,2,1,3,6,5,7],[4,2,1,3,6,7,5],[4,2,1,3,7,6,5],[4,2,1,7,3,6,5],[4,2,3,1,6,5,7],[4,2,3,1,6,7,5],[4,2,3,1,7,6,5],[4,2,3,6,1,5,7],[4,2,3,6,1,7,5],[4,2,3,6,5,1,7],[4,2,3,6,5,7,1],[4,2,3,6,7,1,5],[4,2,3,6,7,5,1],[4,2,3,7,1,6,5],[4,2,3,7,6,1,5],[4,2,3,7,6,5,1],[4,2,7,1,3,6,5],[4,2,7,3,1,6,5],[4,2,7,3,6,1,5],[4,2,7,3,6,5,1],[4,3,2,1,6,5,7],[4,3,2,1,6,7,5],[4,3,2,1,7,6,5],[4,3,2,6,1,5,7],[4,3,2,6,1,7,5],[4,3,2,6,5,1,7],[4,3,2,6,5,7,1],[4,3,2,6,7,1,5],[4,3,2,6,7,5,1],[4,3,2,7,1,6,5],[4,3,2,7,6,1,5],[4,3,2,7,6,5,1],[4,3,7,2,1,6,5],[4,3,7,2,6,1,5],[4,3,7,2,6,5,1],[4,7,2,1,3,6,5],[4,7,2,3,1,6,5],[4,7,2,3,6,1,5],[4,7,2,3,6,5,1],[4,7,3,2,1,6,5],[4,7,3,2,6,1,5],[4,7,3,2,6,5,1],[7,4,2,1,3,6,5],[7,4,2,3,1,6,5],[7,4,2,3,6,1,5],[7,4,2,3,6,5,1],[7,4,3,2,1,6,5],[7,4,3,2,6,1,5],[7,4,3,2,6,5,1]]"
JSON.stringify(pairs)       "[[1,2],[3,4],[2,4],[5,6],[2,6],[3,5],[2,7],[5,7],[4,5],[1,3],[1,4],[1,5],[1,6],[1,7],[2,3],[2,5],[3,6],[3,7],[4,6],[4,7],[6,7]]"
JSON.stringify(used_par)    "[true,true,true,true,true,false,false,false,true,false,false,false,false,false,false,false,true,false,false,false,false]"
cmp_n                       8
cmp_max                     10
JSON.stringify(nodes)       "[]"
JSON.stringify(used)        "[true,true,true,true,true,false,false,true,true,false,false,false,false,false,false,false,true,false,false,false,false]"
first_not_used_min          5
first_not_used              7
__try                       574301291

-----------------------------------------------------
